Algorithm: Range Search LSH
CLUSTER-0 {size: 1402
[ 53.960449 18.995277 5.887839 6.056080 8.919717 8.649351 10.048406 23.650531 70.242621 45.631641 27.722550 20.165880 11.057261 5.025974 5.135183 20.936836 16.810508 26.633412 36.752066 40.961039 27.668831 9.523613 4.041913 6.093270 12.547816 12.853601 15.602715 20.229044 19.320543 10.514168 5.254427 7.035419 92.953955 23.863046 6.538371 8.022432 13.390201 15.829398 16.331759 40.203070 114.183589 51.629280 17.150531 11.464581 7.840614 6.613932 9.063754 44.020661 17.875443 19.685950 27.756198 41.314640 46.219599 36.616293 16.778040 8.216647 16.030106 12.433294 16.063754 26.755018 40.616883 39.043093 22.793388 12.248524 85.702479 17.122196 6.796930 8.229044 15.121015 19.211924 19.948642 50.102125 107.027745 16.822314 2.430342 2.124557 6.572019 40.263872 85.636364 97.190083 13.042503 3.528926 3.166470 7.721370 34.337072 110.583825 107.088548 29.583235 24.240260 9.516529 5.592680 8.240850 26.573200 68.489374 67.917355 30.719008 24.662338 9.112161 6.438017 7.456907 13.348878 16.197757 16.290437 22.641086 28.350059 7.472255 5.373672 6.322904 13.152302 48.164109 84.672373 54.711924 18.772137 9.655844 5.921488 5.153483 12.724321 66.286895 83.227273 28.180047 28.571429 12.155844 5.288666 3.298111 6.132231 21.481700 31.783353 24.112751 ]
}
CLUSTER-1 {size: 2515
[ 29.244298 15.345961 8.150367 4.888288 8.345187 23.030924 33.134905 25.346734 22.754155 13.824507 9.189795 6.933127 15.450715 65.657518 84.726710 34.260533 30.895632 8.663317 6.833398 8.857750 16.390800 48.335524 84.234635 58.512176 26.168148 9.997294 7.603402 10.058755 16.109780 17.740626 19.106301 25.733282 26.056049 11.722458 6.728643 11.089293 30.219559 64.471975 59.869733 27.233862 14.084654 4.545033 3.846927 10.425976 37.686509 99.570158 99.127947 29.981059 100.279474 15.788172 3.407422 2.964438 7.358717 35.466950 78.710862 95.824507 83.603402 19.186703 8.995361 11.313104 19.424043 21.211055 21.264399 51.814457 19.222265 13.021260 17.244298 26.526479 36.624662 35.759567 22.476227 14.253189 16.571705 19.251643 33.785079 45.689215 45.281794 30.750676 13.967143 8.181678 107.965984 53.275995 24.555470 14.919211 8.316583 6.582528 7.951295 38.897951 90.976034 28.183997 10.033243 11.472362 18.287978 18.253189 14.973328 37.500966 15.830692 13.948976 16.118284 16.854271 16.113645 10.109007 6.920371 9.810205 20.007344 26.299188 38.106301 39.022806 24.949362 9.601469 6.172014 9.386548 64.656359 46.481252 33.873599 23.812911 13.019327 7.471589 6.391960 17.685736 51.158485 20.824507 7.828759 8.652107 13.124855 11.705837 10.068806 19.928102 ]
}
CLUSTER-2 {size: 2383
[ 14.799308 8.179498 5.783737 10.877163 17.687284 16.172578 13.085640 14.512976 23.769464 7.812716 5.543253 10.790225 26.649221 35.348183 31.548875 30.939879 75.814446 15.213235 7.245242 10.272491 12.247405 16.571367 24.964965 60.093858 45.882353 15.247837 11.093426 16.253028 14.013841 7.129758 6.601211 23.388408 19.552768 11.584343 17.747837 31.639706 35.394031 25.199394 15.540657 15.773789 18.526817 7.379758 13.955017 29.203720 43.189446 41.117647 28.344723 22.663495 109.446367 26.760813 9.256920 7.783737 7.826990 11.342993 18.844291 75.096453 89.618512 26.695502 16.037630 22.911765 17.573097 9.487457 9.512111 38.772924 27.550173 26.191176 58.849481 57.290225 28.538927 10.611592 7.516436 15.429498 15.354239 34.443339 101.986159 87.862457 32.623702 9.201125 4.012976 6.593858 95.732699 91.481401 93.182093 33.567907 5.514273 2.294983 2.883651 23.607266 85.615484 49.236592 25.973616 21.868512 15.025952 9.354239 9.644031 26.539792 30.830450 24.855536 36.067474 22.341263 8.353806 4.888408 7.376298 16.997837 29.987889 39.362457 87.698097 52.299308 11.375865 6.392301 9.447232 18.861592 25.170415 56.886678 92.045415 43.948529 12.115917 7.919983 7.729671 10.253028 23.022491 25.621107 24.110727 19.092128 13.647059 8.802336 7.365917 10.159170 ]
}
CLUSTER-3 {size: 1053
[ 18.406674 23.933264 22.539103 16.576642 11.035454 5.985401 4.521376 6.934307 16.751825 52.230448 82.685089 37.141814 12.606882 6.190824 5.466111 6.727842 16.446298 30.180396 73.282586 56.226277 15.958290 5.169969 6.550574 10.066736 24.617310 16.606882 16.705944 18.312826 10.162669 5.843587 6.444213 13.419187 82.540146 49.533889 23.034411 11.242961 8.847758 6.836288 8.473410 27.339937 79.743483 94.240876 93.817518 35.555787 7.507821 3.683003 4.157456 18.789364 9.357664 26.833160 88.354536 105.595412 72.602711 21.135558 4.019812 3.380605 26.648592 18.240876 27.746611 56.220021 51.502607 17.992701 7.646507 13.469239 93.437956 20.901981 6.827946 6.579771 9.091762 9.557873 13.905109 50.355579 98.349322 23.546403 6.654849 4.608968 10.402503 29.971846 46.671533 83.440042 11.850886 4.517205 7.129301 29.398332 86.040667 99.225235 51.118874 17.233577 26.156413 13.067779 11.523462 26.144943 57.647550 48.397289 19.742440 18.345151 39.960375 10.581856 5.645464 5.767466 8.168926 8.212722 11.816475 29.050052 45.884254 8.076121 3.691345 4.826903 13.807091 38.907195 62.554745 64.468196 14.039625 5.816475 4.580813 8.619395 36.070907 77.769552 57.653806 23.286757 21.443170 9.355579 6.123045 7.661105 16.226277 21.889468 16.068822 16.689260 ]
}
CLUSTER-4 {size: 652
[ 20.759863 23.608919 21.686106 14.409949 8.819897 6.397942 7.766724 10.099485 24.909091 50.763293 82.883362 37.425386 7.799314 6.715266 8.864494 12.816467 32.456261 32.833619 73.030875 45.802744 9.461407 5.231561 8.092624 20.653516 27.531732 17.790738 23.828473 19.331046 8.754717 4.397942 6.396226 18.528302 89.113208 61.718696 28.806175 17.312178 8.080617 4.245283 4.893654 23.077187 90.802744 100.241852 107.140652 39.466552 3.591767 1.114923 1.391081 18.427101 14.396226 34.692967 114.915952 106.403087 24.787307 3.514580 1.763293 4.689537 23.895369 25.867925 63.591767 70.317324 27.919383 6.596913 4.696398 10.771870 103.253859 33.778731 18.730703 15.644940 6.948542 4.516295 5.737564 41.315609 118.198971 39.879931 13.734134 7.329331 4.586621 2.867925 7.207547 65.427101 20.224700 8.653516 24.763293 50.725557 42.873070 14.682676 9.226415 16.248714 10.283019 9.929674 28.385935 54.722127 46.205832 14.636364 5.893654 7.257290 63.123499 18.017153 13.022298 12.018868 5.715266 3.233276 4.210978 28.060034 95.728988 18.586621 7.181818 6.391081 5.680961 5.267581 11.353345 59.368782 24.018868 4.936535 4.566038 12.696398 26.198971 18.171527 17.116638 25.056604 6.097770 3.216123 5.626072 18.620926 30.022298 14.825043 7.909091 6.734134 ]
}
CLUSTER-5 {size: 800
[ 25.966140 20.598194 16.774266 13.959368 11.645598 7.235892 6.741535 11.323928 23.512415 54.202032 91.759594 35.697517 10.704289 6.866817 6.405192 7.255079 16.142212 48.856659 103.290068 35.967269 5.878104 4.806998 6.415350 7.632054 16.437923 36.467269 57.206546 22.668172 4.479684 2.768623 3.292325 6.059819 94.908578 31.262980 10.881490 12.426637 13.326185 10.825056 11.828442 34.907449 115.511287 86.419865 89.897291 25.158014 3.031603 2.343115 3.667043 35.316027 11.993228 45.887133 115.120767 58.449210 12.546275 9.397291 5.896163 5.044018 10.227991 31.981941 75.136569 43.467269 17.481941 12.876975 6.656885 4.311512 94.063205 17.732506 8.917607 15.169300 14.463883 9.604966 9.134312 39.689616 124.540632 20.723476 5.031603 3.647856 3.696388 10.573363 29.057562 96.505643 20.573363 7.430023 11.621896 10.571106 17.845372 45.698646 56.864560 33.970655 10.344244 7.450339 11.145598 13.902935 20.214447 38.889391 36.147856 16.772009 42.665914 15.998871 10.380361 12.319413 10.714447 4.739278 4.759594 18.363431 81.767494 18.715576 6.896163 7.510158 7.813770 13.562077 33.990971 66.406321 22.540632 6.787810 4.765237 7.130926 14.689616 37.180587 52.672686 36.760722 11.803612 5.889391 3.441309 4.963883 8.723476 21.541761 28.820542 19.074492 ]
}
CLUSTER-6 {size: 1195
[ 37.290092 22.574055 13.822268 13.203269 9.653728 5.612870 5.158325 14.740552 45.121553 52.360572 68.064351 50.031665 13.909091 5.013279 4.433095 13.540347 30.437181 31.939734 64.502554 64.679265 21.463739 7.396323 6.274770 13.686415 21.332993 14.474974 18.895812 25.728294 17.401430 8.482125 7.871297 13.214505 85.284985 38.122574 19.579162 19.092952 13.209397 7.140960 7.508682 29.487232 110.393258 76.921348 63.517875 39.371808 8.315628 3.385087 6.083759 38.009193 19.126660 28.263534 78.061287 99.239019 55.549540 19.980592 9.180797 9.055158 18.793667 13.578141 26.356486 59.495403 61.124617 25.837589 11.945863 14.494382 72.063330 28.004086 21.868233 20.015322 14.404494 10.396323 12.118488 34.175689 98.469867 24.721144 10.226762 7.872319 8.435138 29.450460 68.171604 91.296221 14.104188 5.129724 8.374872 26.375894 54.466803 83.467824 85.151175 37.475996 13.511747 7.162411 9.920327 28.879469 62.108274 56.633299 28.329928 18.836568 19.696629 11.001021 9.763023 11.183861 13.805924 11.827375 14.778345 18.366701 26.418795 9.435138 7.501532 11.740552 18.272727 34.490296 60.871297 47.071502 18.337079 8.697651 7.600613 9.509704 20.547497 47.991828 66.267620 38.040858 12.740552 7.870276 7.771195 9.980592 17.622063 22.403473 20.609806 17.656793 ]
}
