Algorithm: Range Search LSH
CLUSTER-1 {size: 131622
[ 16.812717 10.377982 8.123532 6.844285 11.484975 24.641927 31.711764 20.581072 15.893443 9.869347 9.780457 9.511056 19.891964 59.887909 75.262038 31.337199 38.966128 10.626042 7.758703 8.815278 14.724201 33.749971 63.231622 58.341293 35.189337 14.040511 9.763474 10.851656 11.803814 8.131035 10.157046 23.437608 12.960252 7.738849 8.713640 17.601977 41.137604 58.830735 47.861610 20.221084 11.199868 4.672538 7.475760 15.543511 39.721376 88.751691 90.693497 29.784325 108.125781 20.118738 5.028509 3.400319 5.626369 24.400358 59.953123 94.459291 92.848332 23.554571 11.001564 12.666109 15.250846 9.522606 10.882204 46.278406 13.291419 18.160447 39.028260 50.073370 42.492400 22.550438 11.931183 9.336615 11.489769 33.412219 90.407293 77.767475 37.804429 18.617948 8.779149 5.351745 104.909203 82.797922 67.487255 24.462568 5.105499 3.257392 4.924801 29.748710 94.578581 36.072273 11.469923 10.271720 13.564564 10.610437 11.584512 35.617792 17.625808 22.265307 32.194599 23.199883 11.235257 6.345099 7.157256 10.416640 19.140086 38.611931 78.791688 50.667985 14.887318 8.107927 9.205573 10.936709 31.795104 53.914457 70.067292 36.016874 14.582683 8.805985 8.376993 11.243203 34.553707 21.989477 12.962120 10.053321 10.669829 8.988271 9.200358 16.479885 ]
}
CLUSTER-2 {size: 106647
[ 23.001014 14.412119 9.336203 3.872335 5.783923 23.580502 38.106672 22.051834 18.959104 15.422164 13.407086 6.654474 9.303550 59.251181 87.314065 28.233812 28.039441 10.348831 9.957348 7.710655 12.064180 45.001746 86.694845 51.398327 28.947631 10.670406 7.294039 7.774628 12.867622 13.340822 16.773464 24.203665 17.331584 7.815206 4.490588 5.144414 19.217279 73.548675 80.001624 26.811610 11.567724 4.184654 3.201403 4.079690 17.106729 103.041516 116.420259 29.332373 105.952109 12.914161 2.452104 2.063053 4.169050 34.838959 91.615268 99.467182 95.422089 18.631632 7.175838 8.859238 16.578803 14.333527 16.612526 53.560570 9.757795 8.258626 10.033339 15.086224 32.583234 44.296593 27.475707 10.110963 19.333649 16.730840 16.551726 21.502474 31.497460 36.592622 21.583835 9.718091 120.843446 39.836377 8.872795 5.492804 5.379907 6.032625 9.648381 47.305587 106.862871 22.276567 5.185283 6.967478 15.147212 14.833588 14.089069 43.247256 7.768686 9.467840 10.773896 12.760349 19.573676 12.676011 5.872776 4.934919 19.093406 21.633782 20.083013 20.754499 22.891384 10.932384 6.025246 7.240168 90.252101 36.722062 13.072038 7.904115 7.312375 6.153925 6.903007 24.907007 75.003098 16.775079 3.188681 3.485434 8.335227 9.462488 10.744810 27.137777 ]
}
CLUSTER-3 {size: 509919
[ 38.789589 22.206328 13.918257 10.808690 9.918380 7.536228 7.356358 14.455261 44.137396 52.126196 60.714590 29.626190 11.423462 6.527947 6.566723 12.720859 21.430643 32.648534 64.211354 45.233596 19.027398 7.580608 6.721428 10.051533 19.791198 18.858116 26.364464 20.302272 13.805416 7.402656 5.895384 10.044040 90.688604 37.679003 15.035077 12.469802 12.790779 10.061449 10.008866 30.583445 104.913191 77.343197 60.490426 23.991678 7.091286 4.444044 5.989793 32.169857 16.032660 29.162224 72.041852 71.589531 44.460424 22.946476 9.718605 7.001028 20.566890 18.379771 35.820610 43.761973 38.117332 24.062538 13.181764 12.268211 88.292317 20.825710 10.390667 11.934930 13.892744 11.580798 13.799101 46.182506 106.869726 21.620320 6.347575 4.964726 7.409276 23.898846 54.902871 91.443970 16.258145 5.622924 8.859923 21.478158 45.563328 77.741935 71.642990 29.052240 19.977702 9.042211 10.318673 21.377100 37.959065 49.201000 39.131768 21.432237 35.880900 11.008566 7.671405 9.045479 11.104805 9.944829 12.193156 24.735839 49.140321 10.419757 6.396322 7.182587 11.838318 28.842334 56.664561 60.257492 19.909568 8.198138 6.623878 8.390191 20.873419 51.113526 62.561846 31.249386 18.611101 8.508193 6.045699 8.034506 14.293119 20.929369 24.621868 18.927070 ]
}
CLUSTER-4 {size: 84912
[ 14.851601 5.684071 6.221743 19.327892 29.055683 15.571417 12.317628 16.112895 22.573886 5.684637 5.779076 16.984471 39.180457 31.300195 27.366275 33.374599 59.759740 14.560682 10.291148 14.317965 15.369889 14.238947 20.557357 50.215105 42.040612 14.034467 12.291340 16.066489 13.265908 6.653760 7.432270 25.218888 26.727996 11.268884 16.072416 44.030010 47.514541 19.268812 12.134906 20.532058 23.855143 8.050960 15.774245 52.584126 62.633448 29.885635 18.268703 25.415283 97.837795 33.046912 16.389622 14.594897 11.366937 8.564694 15.038347 63.265547 74.094126 33.084211 26.324699 28.912440 17.685722 7.821254 8.652073 34.591596 44.404670 23.576609 28.469050 48.186324 32.460256 10.281931 8.155567 23.749958 26.348565 32.820278 83.450196 99.730827 45.385671 7.746392 3.794449 10.293882 89.102065 80.887406 82.556490 47.269896 8.152531 2.472400 3.144592 26.457124 75.856637 52.792810 40.178602 33.284485 16.352493 5.966581 5.652965 24.512252 43.745067 22.603559 19.793039 21.107173 10.857251 4.496807 5.496048 21.573681 49.973267 44.391369 68.933270 58.626822 14.101607 4.795810 6.741428 24.293979 40.342807 60.056297 85.671710 56.000759 11.773631 5.481796 5.993374 12.696395 31.877286 28.657169 31.176349 27.238609 14.145122 6.059767 5.024938 11.790425 ]
}
CLUSTER-5 {size: 83083
[ 7.712240 4.483914 5.421540 9.587528 14.994894 12.401597 14.154079 10.680437 27.038729 6.974115 5.918568 8.873184 16.538403 17.493449 24.212935 29.159480 109.355929 18.309733 5.980488 4.700577 4.969772 5.142108 13.383869 64.252943 66.640872 16.468819 9.685924 10.840348 10.765142 3.638055 3.368712 24.398091 8.411501 7.995522 20.854004 29.157142 25.072795 15.848431 14.622984 9.651502 22.540962 8.956781 18.852269 21.685814 23.110589 20.959303 21.832277 22.894000 127.318098 26.701389 7.168670 3.723509 3.993098 4.439612 10.506662 76.669550 108.330586 21.453293 8.385234 12.869899 15.846056 6.859712 6.596139 43.141001 9.866122 27.508089 91.685765 55.794730 15.306583 5.303372 4.136412 4.597567 8.937416 38.994451 123.843461 69.067862 11.222113 4.536988 3.638350 3.621963 104.802013 96.759778 106.321777 22.120087 2.936284 1.842599 2.641930 21.856551 98.728972 45.357787 15.583209 11.321285 13.479116 7.673929 8.395667 30.363126 16.105274 27.554692 57.345324 20.276196 3.868816 3.486658 8.739441 10.295179 13.781197 36.466494 102.032368 36.220378 5.941255 7.332234 15.377521 12.262109 17.855283 48.138085 93.043576 31.359140 10.190310 9.758129 14.306842 10.105815 23.982924 21.952733 19.016547 12.253226 10.317951 7.812679 9.382085 11.840914 ]
}
CLUSTER-6 {size: 83817
[ 44.980834 13.107736 4.970229 6.074025 14.425349 20.156928 21.585013 30.751791 35.033261 10.880480 5.840020 6.848776 27.910056 71.741916 69.459449 44.036423 40.548249 7.720719 5.068066 6.666030 18.601977 55.144523 76.515353 64.034550 25.168432 7.291467 4.772112 8.122305 21.151601 29.321334 29.174792 27.675516 53.299408 16.677620 8.322854 15.614236 41.256807 37.511121 24.510927 34.175838 24.861144 6.749286 5.071459 18.172628 74.151796 91.897068 63.186893 31.731263 81.556604 17.845468 5.949543 5.755232 14.788955 40.062970 64.524268 82.265454 59.397706 16.547945 8.732260 11.347079 24.369626 32.543957 35.436257 48.701492 46.611718 20.592394 14.286894 27.102677 47.006908 25.890173 12.988508 21.834888 23.934573 20.412203 27.323098 59.697686 83.123983 38.115300 10.457539 10.073539 84.802649 55.220676 31.164759 21.212127 16.659889 11.305282 12.133566 33.027436 61.220129 31.267485 18.951453 18.043841 23.193958 20.557905 17.204976 28.728210 31.288451 17.675589 13.541682 17.930803 22.976918 11.348794 6.329616 12.834937 25.265624 30.497866 39.532452 53.132861 44.538800 12.607243 5.702185 9.138163 48.958190 48.505539 41.724477 32.273456 19.474601 9.177748 6.297243 13.200148 32.370283 21.947999 16.752922 16.229493 17.621703 10.767600 7.019604 12.046918 ]
}
clustering_time: 165.487875 seconds
