Algorithm: Range Search LSH
CLUSTER-1 {size: 2349
[ 23.568696 21.726087 20.276522 16.174348 11.313043 6.646522 6.630000 10.560435 24.351304 48.826957 83.333478 40.638261 11.889130 7.064783 7.630000 10.121739 25.055652 36.673478 80.363913 46.654783 11.105217 5.910870 7.820000 13.984783 24.055652 23.547391 31.252609 20.208261 8.571739 4.970435 5.863478 12.975652 86.069565 44.281739 21.322174 15.853478 11.421304 7.854348 9.042174 29.721304 95.578696 87.583478 92.996522 35.605652 6.499130 3.640870 4.586522 27.479130 15.690435 35.237391 102.595652 89.034783 37.159130 12.185217 5.253913 7.120000 22.114348 25.199565 52.587826 55.591304 33.950000 13.866087 7.404348 10.832609 91.173043 25.146522 14.646522 15.787391 11.807826 8.302609 9.712174 40.603043 110.233478 27.704783 10.399130 7.710870 8.454348 15.565652 27.203913 79.795652 20.433478 8.312174 14.502174 29.546957 50.296087 54.109130 38.420870 25.460000 17.642609 10.827391 15.851304 30.787826 42.940435 35.253478 20.314783 15.473913 45.401304 15.574783 10.778696 11.053913 9.462174 5.898261 7.386957 23.385217 71.372609 16.081739 7.809130 8.564348 11.813478 20.215217 33.500870 59.555217 20.650000 7.101304 6.383913 10.717826 28.585217 44.757391 40.041304 29.867391 13.499565 6.416087 5.610870 10.563043 18.960000 19.822609 17.165217 15.051739 ]
}
CLUSTER-2 {size: 1439
[ 11.127410 7.881543 5.587466 9.362948 13.402204 13.024793 12.360193 12.121212 25.004821 10.611570 8.676309 10.331956 18.522039 22.619835 24.686639 27.750000 88.267906 19.411846 10.663223 10.781680 8.707300 9.212810 18.207300 60.029614 50.699036 16.969697 13.309229 18.143939 12.872590 5.583333 5.194215 22.373967 16.035124 11.200413 19.467631 28.727961 24.056474 20.581267 16.872590 13.084711 22.537190 11.115702 18.615014 23.530992 24.166667 27.959366 25.203857 21.996556 115.384986 27.545455 11.668733 9.411157 6.476584 8.195592 14.553719 73.402893 95.710744 25.921488 15.639118 24.057851 17.861570 9.317493 8.311295 38.152893 22.703857 27.341598 72.510331 56.506198 19.153581 8.225207 7.107438 12.613636 17.143251 36.735537 107.933196 74.920799 15.518595 7.250689 6.616391 9.880165 98.567493 88.479339 93.998623 28.950413 4.808540 5.373278 6.436639 24.568871 90.725895 45.984160 19.943526 18.151515 14.404959 11.230716 11.900138 28.240358 24.608127 25.834711 42.402893 21.453857 6.276860 4.223829 8.291322 16.401515 26.100551 36.539256 88.943526 42.238292 8.463499 7.592287 13.398072 20.887052 23.234160 50.541322 88.519284 35.990358 11.088843 10.807163 11.918733 11.887741 23.954545 23.559229 20.176997 14.387741 10.836088 9.451791 9.608815 11.471074 ]
}
CLUSTER-3 {size: 2607
[ 44.831184 20.388088 8.740516 7.822838 9.049697 7.957132 8.486343 19.387329 56.903642 49.848255 43.553869 26.695751 11.526555 6.234446 6.262519 17.424507 18.952200 28.499621 49.074734 48.300076 24.747724 8.863809 5.940061 8.971927 15.085736 13.714719 18.265554 21.903263 17.836115 9.286419 5.896813 9.003035 89.334977 29.620637 10.226100 10.278452 13.167678 13.691958 13.864947 34.924886 109.094841 63.646055 35.387329 19.044006 8.092185 6.863429 8.858498 38.404021 18.325873 22.705235 46.349014 60.421093 50.117602 30.314871 14.436267 9.568285 17.836874 12.837253 20.489378 37.901745 46.802352 32.896434 18.171472 13.261002 82.944613 19.082322 9.178680 10.129742 14.624052 16.335736 17.264795 46.243551 102.842944 18.676024 5.226100 4.349772 7.047420 36.015933 79.232929 95.026935 14.333839 5.363429 5.576252 13.579666 41.391882 101.017071 98.723445 30.289833 21.950303 9.309939 7.209029 14.431335 37.718892 63.168816 53.105463 26.071320 24.327390 9.266313 7.039074 8.145675 12.841806 14.106601 15.078528 22.117982 27.961305 7.902124 6.566768 7.796662 13.376707 42.569803 78.100152 54.226859 19.186646 9.945372 7.229894 6.467375 13.665402 60.626328 78.631639 30.241654 23.668816 10.753414 6.033005 5.162367 9.006449 21.475721 27.924507 21.584219 ]
}
CLUSTER-4 {size: 1210
[ 20.381384 17.523064 10.399506 4.168040 4.343493 21.724876 39.485997 19.950577 15.840198 17.815486 15.186985 8.387974 9.044481 53.669687 87.307249 23.924217 24.393740 10.785008 11.035420 11.754530 15.356672 39.165568 84.289127 48.977759 26.401153 10.989292 9.366557 11.260297 11.440692 9.989292 14.323723 22.876442 18.606260 10.684514 6.359967 6.346787 16.655684 74.738880 83.296540 24.968699 13.586491 7.700165 6.738880 6.553542 14.903624 94.869028 112.153213 27.472817 103.518122 14.549423 6.297364 6.285008 6.370675 31.017298 85.982702 95.621087 93.183690 18.628501 10.500000 13.864909 16.510708 12.151565 11.885502 50.807249 13.107084 10.029654 16.907743 19.679572 23.778418 38.316310 27.743822 12.366557 19.250412 16.032949 26.172982 28.174629 23.348435 26.985173 19.803130 13.415980 114.016474 43.627677 16.120264 9.107084 6.801483 8.522241 9.885502 42.971170 103.299835 24.206755 6.856672 9.233937 16.392916 17.867381 13.648270 41.710049 9.780890 10.053542 14.710873 13.979407 12.044481 8.859143 6.385502 8.116145 18.449753 20.518122 27.490939 24.406096 16.407743 9.802306 8.925041 11.261120 81.065898 42.301483 22.341021 12.259473 8.413509 8.648270 9.739703 22.963756 64.526359 19.655684 4.947282 4.789951 9.910214 12.677100 12.383855 25.547776 ]
}
CLUSTER-5 {size: 866
[ 46.304807 16.100821 5.824150 5.017585 10.552169 19.323564 20.001172 30.015240 40.906213 16.395076 9.147714 7.185229 21.890973 70.507620 63.236811 42.121923 50.168816 10.670574 8.724502 8.368113 15.729191 52.157093 70.049238 67.277843 27.824150 10.212192 6.717468 9.242673 22.826495 28.483001 21.813599 26.121923 49.841735 18.805393 9.044549 12.495897 30.366940 42.384525 30.509965 33.581477 30.859320 11.391559 8.569754 11.995311 51.740914 91.744431 66.930832 33.541618 90.372802 18.472450 8.552169 7.771395 13.266120 40.924971 60.389215 85.370457 64.502931 16.512309 8.481829 10.534584 27.012896 40.429074 35.311841 49.637749 34.747948 17.971864 16.726846 21.874560 38.453693 32.916764 18.657679 19.487691 26.515826 22.546307 26.833529 35.933177 56.892145 42.830012 16.126612 13.645955 89.459555 51.332943 23.062134 12.534584 14.262603 17.900352 17.771395 35.325909 63.607268 25.825322 11.413834 12.749121 24.519343 29.729191 24.449004 31.528722 20.742087 17.332943 16.595545 16.391559 20.842907 12.737397 7.413834 9.828839 21.069168 32.011723 39.992966 34.996483 31.871043 14.148886 9.682298 10.547479 44.014068 43.098476 34.119578 21.839390 16.760844 13.839390 11.890973 14.603751 33.575615 19.871043 10.114889 10.294256 17.076202 13.463072 10.138335 13.634232 ]
}
CLUSTER-6 {size: 1529
[ 24.444660 11.450485 7.573463 10.930744 19.078964 22.633657 20.919094 21.601942 20.691262 9.949515 8.924919 12.905502 29.629126 58.326214 59.170874 35.444660 35.159871 10.024595 8.857605 13.059547 18.867961 36.649838 53.817476 53.502265 29.544984 12.081553 9.314563 12.851780 15.455016 12.086731 13.951456 24.869903 30.379288 13.486084 11.332686 27.425243 50.870550 43.074434 24.788350 23.377994 19.146926 8.125566 10.254369 30.683495 62.883495 73.097735 56.693851 28.126861 87.229126 23.323625 11.232362 10.302913 12.281553 24.473139 43.718447 76.159223 72.869903 26.203883 16.807120 19.877670 19.550162 12.542395 14.065372 40.357929 35.883495 19.913269 26.538511 49.110032 45.855016 20.311974 11.773463 21.478317 22.094498 26.757929 69.316505 91.732039 58.548220 17.531392 8.474434 11.522977 87.574110 76.253074 64.928155 35.405178 10.924272 7.401942 7.561812 27.012298 76.373463 43.477670 26.012298 22.311974 18.174757 12.143689 10.875728 27.630421 33.897735 19.310680 19.950162 21.546278 13.371521 7.720388 7.878964 17.708738 33.079612 34.311974 64.542395 63.444013 21.141748 8.848544 10.414239 18.779288 35.524272 56.348867 71.645307 49.042071 15.446602 9.244013 8.780583 11.611003 29.662136 25.467961 20.728803 20.124919 15.701618 9.629773 7.721036 12.420712 ]
}
clustering_time: 1.302912 seconds
Silhouette: [ s1 = 0.075674 ,s2 = 0.070611 ,s3 = 0.078612 ,s4 = 0.088068 ,s5 = -0.031966 ,s6 = 0.026641 ,stotal = 0.060392 ]

