Algorithm: Range Search LSH
CLUSTER-1 {size: 2389
[ 30.053400 15.573634 8.186900 4.903630 7.874426 22.358365 32.948686 25.557363 22.966625 14.252399 9.394660 6.943680 14.993325 65.232791 84.875261 33.702128 30.111806 8.637463 7.078014 8.680434 15.985398 48.741343 85.279516 57.770547 25.297038 9.622862 7.323321 9.881936 16.352107 18.223196 19.455152 25.692532 27.309136 12.011681 6.732165 10.382979 29.031706 64.605340 60.898206 28.020442 14.466834 4.875261 3.960784 10.053817 37.073842 100.142261 99.675010 29.676679 99.221527 15.445140 3.667501 3.315811 7.404255 36.186900 80.178139 95.503963 83.002503 18.591573 8.956195 11.420526 19.779725 21.908219 21.686275 51.899458 20.183563 12.850647 16.103045 24.621193 35.919065 36.408427 23.181477 14.895286 17.113892 18.670839 30.280350 43.293283 45.486024 31.766792 14.539424 8.675428 107.398415 51.273258 21.706300 13.957447 8.544848 7.194827 8.457655 39.320818 90.569045 27.292449 9.712557 11.509387 18.781811 18.706300 15.159783 37.417605 15.957030 13.522320 15.186483 16.271589 16.296621 10.299124 6.919065 9.745515 19.722570 25.370046 35.337088 37.710889 25.576137 9.973717 6.372966 9.231122 66.484355 45.536087 30.739257 22.271172 12.914894 7.609095 6.658740 18.159783 52.336671 20.450146 7.336254 8.326241 13.172716 11.770964 10.092616 20.341677 ]
}
CLUSTER-2 {size: 2482
[ 15.447273 8.542626 5.968485 10.484444 17.333737 17.135758 14.556768 15.054545 23.741010 8.259394 6.023838 10.647677 26.014949 37.338586 34.754343 31.621818 72.718384 15.043232 7.490505 10.626667 12.980606 18.296970 27.784242 60.209293 44.861818 15.238384 11.216566 15.990707 13.990707 7.627879 7.191515 23.464646 19.625455 11.507879 16.909899 30.785859 35.964040 27.348283 17.391515 16.133333 18.840404 7.606869 13.526465 28.159192 43.033939 44.041212 32.237172 23.615758 108.541414 26.336162 9.172525 7.717980 8.254141 12.564040 21.370505 76.181010 88.666667 26.719192 15.778990 22.047273 17.778586 9.996768 9.977374 39.279596 26.862222 25.394343 56.573737 56.369697 29.673939 11.678788 8.049697 15.285253 15.893737 33.790707 99.641616 86.177374 33.109899 10.069899 4.853333 7.206061 95.988283 89.836768 90.247677 32.830303 5.854141 3.210909 3.734949 24.230303 85.336970 48.317576 25.010101 20.956768 15.061010 10.083232 10.291717 27.256970 29.843636 24.477980 35.334545 22.223838 8.686061 5.184646 7.587475 16.687273 29.690505 39.185859 86.323232 52.109899 11.730505 6.662222 9.906667 18.869899 25.840808 56.649293 90.305859 43.591515 12.378586 8.494141 8.259394 10.412121 23.638788 25.478384 23.237980 18.512727 13.591111 9.170909 7.910707 10.513939 ]
}
CLUSTER-3 {size: 1195
[ 28.857260 23.232158 19.853979 19.525021 14.595570 7.717801 5.561116 11.650533 41.146021 55.443806 60.368335 44.036095 16.227235 6.803938 5.077112 11.978671 28.679245 36.631665 54.662838 62.724364 31.789992 7.857260 5.218212 11.577523 32.473339 19.511895 15.018048 19.921247 18.200984 8.147662 6.013946 14.369975 67.945857 46.858080 28.676784 21.213290 16.444627 11.301066 10.916325 27.533224 81.826087 78.642330 60.368335 34.764561 12.466776 6.886792 8.401969 28.915505 21.209188 28.920427 54.439705 87.423298 81.268253 25.626743 7.535685 8.993437 40.081214 21.401148 20.948318 39.392125 49.476620 21.953240 11.347006 21.821985 68.887613 24.561936 14.103363 14.671042 16.823626 19.746514 24.899918 47.578343 82.388843 25.508614 10.344545 7.920427 13.388843 32.151764 57.722724 81.244463 20.388843 7.140279 8.639869 30.876948 84.145201 82.099262 54.291222 32.430681 37.179655 14.509434 12.408532 28.582445 51.873667 33.899918 20.748975 29.910582 27.301066 8.869565 5.966366 8.922067 15.470057 16.940115 19.625103 25.958983 39.621821 8.611977 5.494668 8.483183 18.696473 41.211649 60.899918 57.910582 25.815422 7.195242 5.423298 10.119770 33.769483 60.550451 57.991797 41.252666 28.970468 9.273995 5.972108 10.782609 20.126333 18.486464 18.232978 25.796555 ]
}
CLUSTER-4 {size: 1083
[ 24.146950 22.975970 21.538817 15.596118 9.728281 6.124769 7.280037 10.432532 23.451017 48.167283 91.001848 40.309612 9.118299 7.072089 8.344732 10.128466 25.469501 38.156192 87.269871 41.326248 6.998152 5.496303 8.597043 15.069316 22.813309 27.324399 40.362292 19.695933 6.553604 3.435305 5.240296 12.570240 94.741220 49.317930 21.775416 16.670055 9.752311 6.170980 7.504621 30.007394 101.129390 88.907579 105.260628 37.552680 3.821627 2.190388 2.779113 28.495379 14.171904 38.000924 118.371534 86.085028 17.765250 4.473198 2.845656 5.091497 17.886322 31.207948 74.711645 56.015712 20.339187 6.467652 4.208872 7.064695 99.723660 26.734750 16.252311 18.519409 9.740296 5.938078 6.775416 40.912200 121.198706 30.882625 11.476895 7.693161 4.488909 4.559150 11.164510 75.899261 22.758780 8.492606 19.838262 32.333641 31.134935 20.209797 17.430684 22.582255 9.604436 9.095194 21.199630 34.714418 31.813309 19.001848 11.583179 9.291128 57.068392 18.621072 12.861368 13.601664 7.492606 3.777264 4.261553 22.555453 97.233826 21.538817 8.515712 8.311460 6.016636 6.809612 14.091497 56.487061 25.223660 5.915896 4.809612 10.756932 20.918669 21.903882 22.295749 27.632163 6.923290 4.320702 4.328096 12.137708 19.378004 15.559150 12.382625 9.791128 ]
}
CLUSTER-5 {size: 1731
[ 28.919327 21.662797 12.153221 8.703424 8.721997 6.579222 6.286709 12.067324 28.029600 53.908880 76.096344 36.022635 12.056878 6.153802 5.675566 8.959954 15.817179 31.976785 81.539756 54.449797 12.809054 5.810215 6.567615 10.034823 14.556007 17.344748 28.737667 25.804411 10.388276 5.621010 6.261753 10.190366 93.424840 31.580963 8.885084 8.110273 10.262914 9.449797 10.142194 31.729541 110.801509 85.746373 71.862449 27.313407 5.209518 3.548462 4.580383 30.473593 11.128265 30.663958 94.272200 89.149739 40.690656 20.703424 8.713871 5.676146 10.118398 15.149739 38.033662 62.452699 50.128265 24.340685 10.647707 7.928613 90.652931 19.339524 10.055136 10.422519 11.601857 8.264655 7.899013 39.864771 114.007545 20.642484 4.951248 3.471851 5.738247 27.905978 59.457342 98.123622 10.946605 4.854904 7.377249 16.829367 42.316889 97.850261 90.679048 27.562391 11.256529 7.556587 8.574579 19.063842 48.168891 68.832269 42.289031 16.853743 29.560650 11.276843 7.945444 8.292513 9.643064 6.971561 8.561230 21.320371 36.503192 9.076030 5.493326 6.627974 12.182821 33.088218 65.739408 61.280905 11.970400 8.136390 6.956471 6.756820 17.341265 64.259431 73.385374 26.564132 13.897272 8.589669 6.766106 5.358096 10.156703 25.118398 26.288450 16.610563 ]
}
CLUSTER-6 {size: 1120
[ 62.632246 17.098732 3.840580 3.867754 7.213768 8.718297 11.221920 28.432065 82.217391 38.860507 16.763587 11.532609 8.429348 5.085145 6.153080 26.442935 18.617754 23.887681 24.589674 26.960145 23.363225 10.275362 4.663043 6.597826 8.262681 10.555254 12.714674 16.894022 19.619565 11.975543 5.344203 5.620471 98.214674 21.620471 4.884964 6.388587 12.451087 16.482790 17.545290 42.300725 118.788043 42.259964 10.202899 7.237319 6.403080 6.798913 10.403080 48.571558 20.494565 17.154891 17.227355 24.931159 34.809783 36.797101 20.246377 9.988225 12.255435 9.029891 10.137681 19.070652 36.755435 43.295290 27.057065 10.975543 90.003623 18.356884 7.465580 8.218297 13.998188 17.358696 17.365036 48.852355 109.858696 16.182065 3.094203 3.209239 5.293478 40.191123 90.735507 95.326087 13.209239 4.333333 3.618659 5.350543 22.580616 108.559783 114.125000 29.375906 22.120471 8.376812 4.211051 6.394928 22.694746 71.954710 77.641304 29.740942 25.495471 10.144022 8.169384 7.609601 12.361413 14.641304 14.833333 21.789855 27.245471 8.027174 7.149457 8.118659 12.553442 47.428442 86.063406 50.543478 18.066123 11.379529 7.426630 5.750906 9.939312 61.176630 85.638587 25.990036 27.461051 13.236413 5.475543 2.895833 5.185688 21.844203 34.385870 22.250906 ]
}
clustering_time: 1.742210 seconds
Silhouette: [ s1 = 0.123194 ,s2 = 0.122517 ,s3 = -0.008704 ,s4 = 0.084005 ,s5 = 0.102010 ,s6 = 0.081019 ,stotal = 0.094629 ]

