Algorithm: Range Search LSH
CLUSTER-1 {size: 1328
[ 9.286572 6.266317 5.120780 9.840210 14.555139 11.705176 9.905476 10.855964 25.938485 8.565641 6.669917 10.200300 19.246812 18.399850 17.974494 26.954239 94.837959 19.213053 9.906227 10.990248 7.882221 6.464366 12.013503 59.276069 53.372843 17.143286 13.575394 18.559640 12.661665 4.885971 3.936984 22.480870 14.204051 11.084771 21.711928 31.678920 23.374344 15.555889 12.129782 11.150038 22.446362 10.783196 19.247562 26.750188 25.072768 20.732183 16.007502 20.174794 117.579145 28.167292 11.286572 9.726932 6.234059 5.597149 9.887472 71.451613 97.271568 26.335334 16.547637 25.867217 17.297074 8.207802 7.972243 38.328582 23.630908 28.732933 75.981995 57.969242 17.223556 6.383346 5.922731 12.404351 16.275319 36.591898 112.318080 79.630908 15.034509 5.498125 4.362341 8.356339 98.819205 91.157539 98.595649 32.422356 4.822956 3.739685 4.045761 23.205551 92.134284 48.858965 22.171043 20.549137 13.660915 9.095274 10.312828 27.205551 26.620405 25.588897 43.280570 21.972993 6.136534 3.426857 7.403601 17.352588 27.947487 35.885971 91.686422 43.451613 7.516129 6.361590 11.420855 21.573893 23.165041 51.084771 92.951988 38.771943 10.795199 9.682671 10.006752 11.333833 23.629407 24.548387 21.603151 15.467367 10.934734 8.769692 8.097524 10.481620 ]
}
CLUSTER-2 {size: 1315
[ 30.905989 18.563306 8.719484 3.826384 5.605762 21.198635 33.927218 23.004549 24.200152 18.401820 12.897650 6.799848 10.250948 61.521607 84.235785 28.450341 30.150872 10.220622 9.472328 9.645186 15.060652 48.136467 86.979530 53.161486 26.563306 9.748294 7.972707 9.536012 14.346475 16.818802 17.272176 25.049280 29.112964 13.168309 5.920394 6.748294 18.072782 69.566338 73.587566 28.794541 18.149356 8.110690 6.416224 6.642153 20.808188 99.181198 105.313874 28.519333 101.903715 15.000758 6.184230 5.758908 7.313116 37.024261 83.275967 93.094769 86.667172 16.825625 9.727824 11.490523 19.080364 22.376801 19.087945 51.689158 17.990902 9.929492 9.331312 14.115997 26.175133 41.035633 28.517817 13.916603 21.728582 13.769522 14.331312 20.650493 28.977255 33.920394 19.876422 12.959818 110.000758 37.141774 9.554966 6.815770 7.984079 10.638362 11.874905 43.902199 93.667172 21.913571 6.924943 8.570887 18.339651 22.595148 16.000000 39.487491 11.296437 9.097801 9.328279 11.429113 15.168309 10.902957 6.023503 7.398787 20.136467 18.314632 17.652009 20.235785 20.206217 10.223654 7.315390 9.886277 80.990144 35.819560 13.101592 9.445034 8.952237 8.843821 9.014405 23.065201 61.737680 17.955269 4.509477 4.534496 10.996209 12.711145 11.556482 23.152388 ]
}
CLUSTER-3 {size: 2538
[ 23.395957 21.975426 19.835910 15.933016 11.149822 6.666270 6.552913 10.397543 24.064209 50.139120 82.985731 40.295283 11.561237 6.967895 7.550139 9.541419 24.133571 37.109394 80.182719 47.514863 11.440745 5.705906 7.522790 13.185493 23.359493 23.100277 30.558066 20.713436 8.988506 4.989695 5.735236 12.602457 86.286167 43.752675 20.698771 15.583036 11.453825 8.484740 9.325803 29.782798 96.635355 88.441934 92.229092 35.291320 5.945700 3.673008 4.747126 27.251288 14.930242 35.275069 101.854538 89.929053 38.656758 12.869996 5.310741 6.531906 21.257630 24.345224 50.797463 56.269520 35.901308 14.518034 7.493460 10.850575 90.701149 24.208878 13.850971 14.795878 11.856520 8.918748 9.956401 40.921126 110.780024 27.269124 9.495838 6.652398 7.838684 16.631788 29.958779 82.159730 19.206500 7.281411 13.591756 28.773286 50.866429 58.046770 42.797860 26.292113 17.374950 10.330559 15.491082 30.242965 44.663892 37.347602 20.982560 16.109394 43.501784 14.924296 10.199762 10.302021 9.082045 6.160127 7.756639 23.256837 67.810147 15.181926 7.000000 7.753072 11.553706 21.864843 37.170432 60.721363 20.083234 6.626635 5.657154 10.065398 27.341657 47.437971 44.439952 30.715815 14.312723 7.029727 5.519620 9.746730 18.013872 20.718985 18.074118 15.513674 ]
}
CLUSTER-4 {size: 1354
[ 18.939732 13.209821 9.450149 8.038690 11.933780 24.433780 28.683036 21.672619 21.473958 13.272321 11.036458 10.983631 18.912202 57.888393 69.674107 35.522321 39.784226 11.269345 8.933036 11.521577 17.283482 36.534226 61.754464 58.625000 31.597470 14.611607 10.563244 13.340774 15.578869 10.614583 12.287202 22.554315 15.806548 11.773065 10.933036 20.321429 40.478423 57.781994 42.346726 20.645089 14.259673 6.869792 8.880952 16.159970 37.959821 87.520089 84.502232 30.408482 104.020833 20.320685 7.101935 5.864583 7.981399 28.218006 57.766369 92.386905 86.918155 25.241815 12.964286 15.794643 19.369048 13.529018 13.695685 45.478423 14.277530 18.583333 36.642113 50.773065 43.315476 26.500000 14.100446 11.827381 14.361607 31.194196 78.816964 74.385417 39.320685 21.901042 9.854167 7.458333 102.896577 78.360863 60.266369 25.076637 7.559524 5.598214 6.424851 31.142113 89.824405 36.229911 13.142113 13.516369 17.569196 14.638393 14.880952 36.264137 17.602679 20.476190 29.382440 24.398065 13.444196 8.654018 8.730655 12.304315 22.133929 37.886161 72.231399 51.746280 17.110863 10.011905 10.608631 14.156250 34.636905 55.374256 67.426339 38.365327 15.310268 9.885417 8.982143 12.760417 33.384673 22.525298 13.337798 12.720982 13.941964 11.520833 10.387649 16.548363 ]
}
CLUSTER-5 {size: 999
[ 35.318540 11.260355 5.857002 10.724852 21.154832 20.129191 18.482249 26.199211 25.116371 7.854043 5.808679 11.365878 38.353057 65.020710 58.901381 39.489152 36.840237 7.526627 6.317554 11.203156 19.631164 41.145957 58.626233 60.770217 26.822485 8.249507 5.854043 10.410256 18.164694 19.583826 20.319527 28.381657 46.978304 15.909270 10.188363 25.311637 50.531558 32.724852 19.483235 30.363905 22.354043 8.047337 7.689349 32.754438 84.168639 71.977318 43.872781 28.140039 76.514793 21.957594 10.258383 10.723866 15.892505 25.631164 43.796844 73.794872 61.096647 22.445759 13.696252 17.291913 21.096647 20.485207 23.121302 42.376726 52.116371 21.735700 18.709073 38.214004 45.635108 19.048323 12.109467 27.385602 24.976331 23.875740 46.188363 84.863905 80.278107 22.665680 7.388560 10.843195 79.912229 70.106509 52.715976 32.937870 14.837278 7.079882 7.200197 26.621302 63.097633 43.367850 30.870809 25.949704 20.892505 12.866864 9.822485 22.189349 43.218935 19.992110 15.022682 18.962525 16.738659 8.231755 7.181460 18.908284 34.444773 35.462525 55.389546 65.691321 32.354043 8.996055 7.241617 15.614398 40.434911 60.128205 65.751479 46.102564 17.214004 7.185404 5.914201 10.683432 27.558185 26.118343 23.631164 23.603550 19.252465 8.964497 5.821499 10.183432 ]
}
CLUSTER-6 {size: 2466
[ 47.469801 20.430077 8.135387 7.135387 8.378192 7.850426 8.554925 20.044994 59.531820 49.494122 41.792866 26.174706 11.106202 5.655452 5.581273 17.805837 18.069720 28.312120 47.747467 47.737333 25.236725 8.783543 5.327523 7.973652 14.331982 13.649777 18.241994 21.851236 18.169437 9.608837 5.879611 8.368869 91.145116 29.003243 9.408188 9.154033 12.602756 13.269153 13.724767 35.660722 110.670855 61.357114 32.018241 17.617754 7.506283 6.117957 8.533441 40.180381 17.535063 22.067288 43.475882 57.431293 49.726794 31.426429 14.690717 8.608431 16.701662 12.653020 19.965951 36.020673 46.394406 34.338062 18.936765 12.526956 83.580867 18.896230 9.001621 9.434536 13.840292 16.217268 17.873531 47.271990 103.431698 18.019457 4.387515 3.393190 6.322659 36.966761 82.517227 96.293474 13.509931 4.463316 4.588974 12.295501 39.956222 103.531820 102.075801 30.030807 21.454803 8.932712 6.457236 13.087556 35.718281 65.196190 56.937981 26.471828 23.752736 9.334820 7.012161 8.071747 12.827321 14.577625 15.656668 21.979732 27.428050 7.671261 6.168221 7.600730 13.321848 43.642075 79.978516 53.535468 18.938792 9.589380 6.662748 6.239157 13.389542 60.884070 79.767734 29.565059 23.985002 10.770572 5.758411 4.970409 8.573166 21.229834 28.840697 21.803000 ]
}
clustering_time: 0.838816 seconds
Silhouette: [ s1 = 0.080414 ,s2 = 0.050131 ,s3 = 0.076717 ,s4 = 0.053231 ,s5 = 0.003199 ,s6 = 0.087126 ,stotal = 0.065754 ]

