Algorithm: Lloyds
CLUSTER-1 {size: 2307
[ 50.157664 20.364515 7.380325 6.701801 8.389987 7.916996 8.783048 21.272288 63.957400 48.906895 37.092666 25.200264 11.528766 5.256039 4.899429 18.833992 18.195872 27.995169 44.065876 46.876153 27.075538 9.176548 4.567852 7.265700 13.864734 13.344752 17.322354 21.806324 19.099253 10.139657 5.826965 8.168204 92.005709 27.627580 8.751427 9.103206 12.628019 13.736056 14.201581 37.134827 112.387352 58.543698 26.577075 16.140975 7.801932 5.850681 8.283267 41.683355 17.356170 21.656126 37.882301 53.295125 49.856390 33.363636 15.079491 7.973650 16.393500 12.265700 18.078612 33.505490 45.868248 36.331577 20.061045 12.537110 84.077734 18.825648 8.364515 8.972771 14.008344 16.960913 18.533158 48.244620 103.811594 17.949934 3.686430 2.808081 6.294686 38.657883 85.164251 96.814229 12.409310 3.847167 3.971454 10.838384 38.614405 106.144488 105.150198 30.434343 21.492754 8.896355 6.173474 11.913483 33.507686 66.431269 60.201581 27.855512 23.476504 9.076416 6.671937 7.618357 12.848046 15.173474 16.313131 22.210365 26.541941 7.425560 5.611770 6.891963 13.424682 45.752745 82.169521 53.273166 18.720246 9.502415 6.313131 5.661836 12.762407 61.993412 81.566974 29.555556 24.884936 11.294686 5.697409 4.466842 7.846289 21.320158 30.068072 22.438735 ]
}
CLUSTER-2 {size: 2792
[ 23.498937 22.267541 19.778526 15.782069 11.148122 6.378809 5.989015 10.126506 24.396173 51.334515 84.353296 40.653792 11.381644 6.141389 6.353650 9.269313 23.318923 36.856485 81.301914 49.057052 11.408930 5.193125 6.795889 12.597803 22.942240 22.732105 30.504961 20.807583 8.889086 4.831680 5.715450 12.482636 87.321049 44.635365 20.850106 15.377746 11.278172 7.493976 8.552799 29.380581 98.233877 90.295889 93.108434 35.567328 5.478030 2.617293 3.709426 27.238129 13.266478 34.832034 103.066974 92.407867 40.462438 12.822466 4.663714 5.330971 20.079731 23.831680 50.351878 56.944366 37.327427 14.597803 7.291991 10.401134 91.152729 24.437633 13.906804 14.873494 11.835932 8.643515 9.989369 41.074415 111.565911 26.923104 8.695252 5.954642 7.389440 17.220411 32.747342 84.044295 17.361446 6.417434 12.746279 28.813962 52.012757 60.737420 46.095322 26.075833 16.118356 9.840893 15.072644 29.900780 45.936570 38.821049 21.283487 15.465982 42.685330 14.290928 9.734231 10.519135 9.756201 6.527994 8.121899 23.463855 65.784196 14.156627 6.150248 7.621545 11.717576 22.522325 39.913891 61.206945 19.330617 6.242381 5.033664 9.607725 26.711906 48.246279 46.800142 30.895110 13.735648 6.597803 5.551382 9.830617 17.908930 20.720765 18.093905 15.530475 ]
}
CLUSTER-3 {size: 1154
[ 29.420103 18.848797 8.280928 2.811856 3.774914 22.049828 37.897766 22.690722 20.796392 17.543814 9.989691 5.078179 8.814433 64.331615 91.566151 26.457045 28.099656 8.725945 6.409794 7.715636 14.819588 49.761168 94.128866 54.269759 27.326460 9.092784 6.929553 8.609966 13.293814 15.365120 17.182131 26.110825 24.013746 11.087629 4.620275 4.170103 14.511168 76.261168 85.162371 28.111684 11.985395 3.859107 2.056701 3.342784 16.940722 106.377148 115.969072 27.098797 108.329038 12.964777 1.553265 1.585911 4.498282 37.786942 90.642612 99.506873 94.286942 16.161512 6.871134 9.354811 17.188144 20.459622 17.486254 54.578179 11.552405 7.500859 8.656357 11.573883 23.094502 43.750859 31.475086 11.865979 15.731100 11.054124 11.901203 16.035223 25.041237 33.279210 19.622852 9.460481 117.987973 35.005155 6.339347 4.222509 5.038660 7.013746 8.756873 46.412371 102.623711 21.237113 5.080756 7.180412 16.597079 21.627148 15.014605 42.384021 7.214777 7.547251 8.719931 10.271478 13.708763 10.604811 5.550687 5.408076 16.232818 16.385739 15.389175 16.323024 17.359107 8.503436 4.787801 6.914948 89.138316 36.095361 10.246564 6.565292 7.387457 6.384021 6.420103 23.697595 68.560997 18.297251 2.961340 3.390034 10.221649 12.799828 11.724227 25.125430 ]
}
CLUSTER-4 {size: 1880
[ 27.411828 12.746237 8.134946 7.059677 13.097849 24.445161 26.675806 25.170430 24.313441 10.953226 8.559677 9.160753 22.108602 66.636022 73.563441 39.009677 37.261290 9.011290 6.667204 9.261290 16.868280 44.556452 70.897849 63.241935 27.654301 11.523118 8.067204 11.339785 17.675806 17.893548 18.767742 25.465054 26.668817 13.111290 9.313978 18.612903 44.981720 54.287634 35.646774 24.209140 15.488710 5.230108 5.766667 16.710215 55.739785 93.779570 79.790323 30.861290 96.015591 18.862903 4.910753 3.974194 9.543548 32.437634 63.056989 92.151613 77.671505 22.301075 10.198925 12.616129 20.748387 20.369892 22.260215 49.119355 24.239247 18.505376 26.738172 43.553763 48.872581 27.645699 14.079032 14.991398 15.605914 27.503763 61.237097 74.362366 59.865054 27.048925 8.654301 6.445699 97.716667 73.718817 49.402688 24.175806 10.073656 5.747312 6.637634 30.827957 80.808602 36.388172 14.731720 14.306989 19.036559 15.464516 14.700000 33.056452 23.346237 19.860753 22.791935 22.492473 17.063441 9.644624 8.463978 13.370430 22.825269 36.216667 63.047849 57.241935 27.580645 10.293548 8.140323 11.987097 38.952151 55.687634 60.637634 39.434409 17.286559 8.650538 6.793548 11.928495 32.814516 23.184946 13.955376 14.215591 15.960215 11.273118 8.802688 14.510753 ]
}
CLUSTER-5 {size: 957
[ 7.627859 6.495842 4.716216 6.671518 10.308732 11.630977 10.221414 9.798337 27.440748 8.504158 5.116424 7.212058 14.917879 18.395010 19.641372 27.127859 110.620582 19.974012 6.858628 7.893971 5.828482 5.918919 12.301455 67.214137 59.062370 17.167360 11.183992 16.886694 11.956341 4.269231 3.038462 23.319127 7.902287 9.537422 22.291060 25.355509 18.030146 17.036383 13.384615 8.685031 19.036383 9.195426 17.610187 16.247401 17.786902 22.992723 19.455301 19.634096 127.637214 25.271310 6.522869 4.674636 3.647609 5.032225 9.970894 79.756757 107.643451 21.852391 9.325364 19.100832 15.116424 7.297297 7.214137 41.228690 11.119543 30.185031 97.955301 61.585239 13.306653 5.412682 4.079002 5.550936 6.708940 39.410603 125.621622 71.532225 8.998960 4.621622 2.962578 3.228690 105.885655 99.962578 108.682952 23.452183 2.308732 1.872141 2.446985 21.546778 98.942827 45.249480 14.900208 13.333680 11.515593 8.764033 10.850312 28.879418 17.755717 28.372141 56.102911 22.376299 3.878378 3.241164 7.625780 13.462578 13.202703 35.899168 105.128898 37.983368 5.955301 7.247401 11.435551 13.829522 14.099792 49.681913 97.291060 30.680873 10.920998 10.655925 9.901247 8.341996 19.676715 21.978170 18.350312 11.066528 9.915800 9.093555 8.715177 9.913721 ]
}
CLUSTER-6 {size: 910
[ 19.077596 7.375956 5.634973 16.421858 26.064481 16.009836 13.573770 18.057923 19.780328 5.347541 4.509290 14.313661 39.289617 38.381421 32.634973 33.602186 51.160656 12.520219 8.713661 14.085246 18.089617 18.532240 24.545355 49.104918 36.901639 13.771585 12.555191 17.748634 15.555191 7.779235 7.535519 22.431694 30.266667 11.696175 15.625137 41.547541 46.059016 20.678689 13.669945 22.865574 20.036066 6.324590 13.340984 48.227322 62.319126 35.353005 21.738798 24.241530 92.932240 30.878689 14.265574 13.146448 11.804372 9.724590 16.204372 62.946448 71.932240 32.923497 26.690710 32.252459 19.410929 8.860109 9.097268 31.902732 48.514754 24.144262 29.103825 51.753005 32.948634 10.393443 9.634973 27.998907 26.925683 30.100546 81.569399 104.454645 47.591257 8.232787 4.157377 11.334426 87.131148 82.396721 82.253552 47.873224 8.245902 2.008743 2.613115 25.281967 74.827322 55.565027 41.996721 35.478689 17.778142 7.135519 6.358470 21.709290 47.434973 22.479781 20.302732 21.791257 10.464481 4.436066 5.923497 22.511475 51.485246 41.826230 71.227322 65.432787 14.885246 3.956284 6.677596 26.503825 39.017486 63.901639 89.947541 57.627322 11.525683 4.315847 5.218579 12.750820 28.230601 30.130055 31.769399 27.909290 15.749727 6.604372 5.160656 10.178142 ]
}
clustering_time: 0.875457 seconds
Silhouette: [ s1 = 0.099794 ,s2 = 0.099392 ,s3 = 0.129309 ,s4 = 0.048826 ,s5 = 0.165532 ,s6 = 0.023002 ,stotal = 0.092809 ]

