Algorithm: Range Search LSH
CLUSTER-1 {size: 891
[ 6.886261 5.748874 4.448198 6.625000 10.234234 11.040541 9.675676 9.331081 28.147523 7.896396 4.569820 6.975225 14.292793 15.963964 17.806306 27.000000 113.493243 19.708333 6.677928 7.850225 5.519144 4.725225 10.701577 67.782658 59.582207 16.417793 11.231982 17.004505 12.154279 4.350225 2.980856 23.352477 7.282658 9.003378 22.923423 25.306306 16.740991 15.073198 12.137387 8.134009 19.433559 9.251126 18.104730 16.047297 17.121622 19.625000 16.537162 19.272523 128.459459 25.396396 6.543919 4.770270 3.582207 4.226351 8.583333 79.219595 107.684685 21.570946 9.399775 19.558559 15.231982 7.212838 7.016892 40.789414 10.899775 30.086712 100.740991 61.628378 11.856982 4.671171 3.665541 5.376126 6.379505 39.237613 126.431306 70.754505 8.093468 4.139640 2.619369 3.084459 106.949324 100.936937 109.530405 23.520270 2.289414 1.827703 2.355856 21.127252 99.547297 45.492117 14.390766 13.665541 11.634009 8.577703 10.574324 27.692568 17.524775 28.226351 57.578829 22.655405 3.613739 2.761261 7.120495 13.698198 12.165541 35.636261 106.396396 37.565315 5.600225 6.745495 10.891892 13.211712 13.902027 49.652027 98.457207 30.468468 10.781532 10.513514 9.485360 7.795045 19.550676 22.161036 18.237613 10.708333 9.748874 9.014640 8.376126 9.274775 ]
}
CLUSTER-2 {size: 888
[ 19.560316 18.538895 10.072153 2.750846 2.657272 22.833145 42.487035 19.684329 12.748591 17.334837 12.294250 5.829763 7.209696 58.455468 96.323563 21.405862 21.927847 9.164600 7.520857 8.906426 14.457723 42.427283 95.570462 49.500564 24.674183 9.444194 7.723788 9.526494 10.282976 9.981962 14.243517 23.388952 14.047351 9.011274 4.472379 3.360767 11.462232 84.498309 99.326945 24.509583 7.833145 3.333709 2.119504 3.096956 9.760992 105.360767 124.939121 25.319053 112.291995 12.111612 1.452086 1.758737 3.388952 32.569335 96.393461 103.655017 99.944758 16.288613 7.627959 10.482525 13.472379 10.562570 10.583991 53.658399 6.616685 6.685457 9.293123 11.697858 19.595265 43.895152 34.068771 9.848929 14.802706 11.062007 13.107103 16.784667 18.153326 27.214205 20.731680 9.544532 124.358512 36.367531 6.413754 4.356257 3.502818 3.986471 5.860203 47.117249 111.758737 20.269448 4.515220 6.856821 13.589628 16.192785 11.328072 43.525366 5.671928 7.105975 9.502818 10.252537 10.426156 9.127396 5.427283 5.410372 16.431793 16.751973 16.383315 16.547914 13.702368 6.942503 5.183766 7.790304 98.915445 39.824126 11.058625 6.703495 6.188275 5.276212 6.059752 25.846674 74.875986 18.605411 2.739572 3.030440 9.025930 12.684329 12.228861 27.581736 ]
}
CLUSTER-3 {size: 856
[ 19.217845 7.275782 5.486674 16.689455 26.169177 15.263036 12.320973 17.338355 20.110081 5.648899 4.347625 14.151796 38.420626 36.078795 29.573581 32.791425 52.697567 12.830823 8.712630 14.046350 16.472769 16.957126 23.006952 48.866744 36.936269 13.679027 11.993048 17.615295 15.684820 8.038239 7.828505 22.638470 31.515643 12.190035 16.162225 42.368482 45.527231 18.582851 11.616454 22.515643 20.322132 6.611819 13.462341 49.136732 62.141367 32.258401 18.164542 23.055620 92.050985 30.268830 14.341831 13.586327 11.458864 8.952491 15.723059 61.998841 71.724218 32.347625 25.893395 32.368482 19.626883 9.205098 9.692932 32.296640 50.835458 23.845886 27.546929 50.885284 33.176130 10.222480 9.344148 28.264195 27.758980 30.906141 80.202781 103.769409 48.984936 8.171495 3.930475 11.375435 85.185400 82.154114 82.592121 48.383546 8.673233 1.957126 2.497103 25.068366 73.293163 56.643105 43.954809 36.571263 17.600232 6.876014 6.296640 21.384705 49.331402 22.146002 19.212051 21.680185 10.864426 4.514484 5.965238 22.851680 53.962920 42.801854 70.968714 65.107764 15.118192 3.901506 6.263036 27.358053 39.355736 65.184241 90.611819 57.760139 11.169177 4.254925 4.728853 12.457706 27.933951 30.698725 33.215527 28.740440 15.858633 6.546929 4.662804 9.438007 ]
}
CLUSTER-4 {size: 5098
[ 35.404276 21.406630 14.228325 11.731463 9.917419 7.067085 7.238133 15.113966 42.060024 50.237152 63.262064 33.774617 11.431542 5.739702 5.706355 13.543154 20.992742 32.900157 64.682424 48.088270 18.407022 6.971950 5.789918 10.201255 18.876422 18.547273 24.618086 21.255590 13.450569 7.202628 5.761671 10.555316 89.421930 37.029031 15.428599 12.577678 11.881914 10.282856 11.080620 32.853668 104.570812 76.118086 63.395057 26.896038 6.498627 4.065516 5.772264 33.703021 15.053158 28.937623 73.974892 74.941742 44.651628 22.011965 9.329149 6.497254 18.419184 18.672421 35.946842 46.485877 41.145547 24.285798 12.976854 11.346214 88.009023 21.939388 11.433307 12.239702 12.808749 12.365830 13.795802 44.269910 108.126324 22.944488 6.471165 4.542370 6.899765 26.789721 56.153393 89.749902 15.142801 5.280306 8.843664 20.778933 46.035700 81.022754 72.461161 27.998627 18.500981 9.416046 11.100432 21.869557 40.387603 51.138682 38.663005 21.001962 34.115536 11.967046 8.368968 9.225383 11.139466 10.390741 11.783052 22.904080 48.281287 11.168890 5.911926 7.292271 12.480973 32.907022 58.801687 57.678305 19.061789 7.706159 5.608670 7.840526 20.483719 54.414672 62.336210 30.299922 18.681836 8.693605 5.617693 7.431149 13.416634 20.992350 23.445077 18.617105 ]
}
CLUSTER-5 {size: 1516
[ 19.883159 12.872063 9.074413 7.842689 13.388381 25.656658 28.494778 21.836162 19.407963 11.396214 9.590078 10.381201 21.492820 63.410574 72.624021 36.276110 37.505875 10.292428 7.368146 10.387076 17.695170 40.453003 64.519582 60.012402 31.604439 14.092037 9.849217 12.742820 15.283290 11.973890 13.691906 23.907311 16.770235 11.362272 9.968016 20.744125 45.741514 57.931462 39.774151 20.811358 12.726501 5.032637 6.860966 17.612272 47.948433 90.853786 82.464752 30.421671 101.960183 20.474543 5.563316 4.137728 8.071802 28.585509 57.479765 92.079634 85.366188 25.238903 12.323760 14.528721 19.147520 13.742820 14.778721 46.728460 16.619452 19.117493 34.097911 51.269582 46.409269 25.364230 13.353786 12.695822 13.116841 29.596606 77.295692 82.987598 48.312010 20.563969 8.035248 6.001958 101.543081 79.685379 60.725196 26.968016 7.543081 3.939295 5.189295 30.667755 88.101175 38.774151 14.992167 13.864883 17.266971 13.836162 13.663838 35.221932 21.140339 21.191906 27.125979 23.726501 13.020888 8.276762 9.009791 13.365535 22.479112 36.388381 71.567232 59.368799 19.792428 9.314621 9.673629 13.415144 35.122715 56.748042 69.689295 42.315927 15.905352 8.587467 7.804178 12.003264 32.152742 23.620104 14.811358 14.620757 14.764360 11.165796 9.939948 15.840731 ]
}
CLUSTER-6 {size: 751
[ 54.024590 15.267760 4.133880 4.230874 10.911202 19.722678 21.062842 34.124317 41.790984 12.655738 4.351093 4.680328 22.683060 78.375683 73.946721 45.573770 44.113388 7.031421 4.161202 5.198087 16.040984 61.500000 85.816940 71.408470 25.710383 6.509563 4.206284 7.289617 23.531421 33.330601 29.695355 31.535519 56.118852 18.237705 6.846995 11.049180 35.046448 43.624317 28.633880 36.517760 24.844262 5.920765 3.090164 11.412568 63.763661 102.176230 74.301913 32.650273 86.616120 16.448087 3.087432 2.703552 12.198087 46.219945 71.583333 88.479508 63.836066 15.360656 5.495902 7.359290 26.193989 43.949454 41.663934 55.360656 39.273224 16.050546 9.513661 18.478142 45.209016 35.890710 18.616120 21.010929 21.274590 17.333333 15.916667 36.887978 72.587432 47.407104 12.618852 8.654372 90.674863 47.136612 16.053279 11.595628 13.937158 13.180328 13.647541 35.795082 65.251366 27.510929 11.465847 12.644809 24.698087 27.184426 20.911202 31.225410 22.877049 14.523224 10.098361 15.009563 26.254098 14.120219 6.648907 10.349727 20.102459 27.284153 29.487705 36.515027 41.483607 13.426230 4.502732 6.941257 51.390710 39.915301 25.129781 21.299180 17.418033 9.263661 6.259563 14.330601 39.131148 19.521858 8.394809 9.836066 17.176230 11.812842 7.639344 13.636612 ]
}
clustering_time: 18.848672 seconds
Silhouette: [ s1 = 0.172751 ,s2 = 0.172572 ,s3 = 0.016081 ,s4 = 0.265297 ,s5 = 0.067301 ,s6 = 0.017917 ,stotal = 0.178890 ]

