Algorithm: Lloyds
CLUSTER-1 {size: 4894
[ 22.425419 11.968942 7.030650 7.715366 12.744381 19.799550 23.692072 20.240499 23.212096 10.994483 7.442787 8.712096 20.738047 51.388639 59.664078 32.685329 52.091132 11.761545 7.026767 9.470985 14.396404 33.350429 56.304863 59.291582 35.435227 12.452186 9.258684 12.993053 15.124234 12.733551 13.217205 24.642828 22.973233 11.659992 11.924806 20.803637 32.665509 45.957090 38.970168 21.828566 16.140785 5.865958 8.583980 19.263179 40.283000 72.035349 65.749898 26.519820 104.634655 20.976093 6.142215 5.183081 7.515325 24.077850 50.474867 86.092971 86.426236 22.726808 12.326522 16.791582 18.534123 15.691255 15.734164 45.685738 23.145893 19.230282 36.891500 41.075398 32.830405 23.892521 15.410911 14.809358 15.945035 26.378218 65.995096 65.628729 39.307724 20.587863 9.251328 7.397630 102.238047 71.357581 56.957703 23.680834 6.895382 4.539640 5.552105 31.676747 88.434205 38.152227 17.572129 16.385166 16.727830 14.058030 12.465468 32.290969 22.914794 19.099305 25.538210 19.439722 12.457295 7.650184 7.112587 13.197589 24.682060 32.460564 61.556191 45.301798 18.525746 8.072742 7.679199 13.850225 46.052513 51.421537 61.380670 33.322436 12.554965 7.642215 6.985492 14.181242 37.898651 23.100123 15.521251 13.589702 13.372497 10.336126 8.789334 15.305476 ]
}
CLUSTER-2 {size: 957
[ 23.736241 22.671859 21.153686 14.643821 9.554517 6.201454 7.399792 10.261682 21.245067 47.668744 93.788162 39.212876 8.471443 6.857736 8.249221 9.578401 23.094496 38.384216 91.025961 39.760125 6.166147 5.183801 8.247144 14.127726 21.374870 28.183801 43.374870 19.579439 5.725857 3.060228 5.159917 12.119418 98.204569 48.653167 19.308411 14.738318 9.328141 5.788162 7.145379 31.084112 104.115265 89.902388 108.380062 36.390447 2.835929 1.327103 1.980270 28.419522 11.759086 38.735202 123.014538 85.139148 14.401869 3.296989 2.404984 4.276220 14.971963 32.003115 80.793354 56.863967 18.572170 5.347871 3.683281 5.789200 103.674974 26.053998 14.606438 17.591900 9.332295 5.117342 5.893043 41.541018 125.161994 30.318795 9.990654 6.193146 3.569055 3.659398 10.057113 77.860852 21.711319 7.963655 19.781931 29.730010 26.890966 17.715472 16.900312 22.327103 7.386293 8.479751 21.238837 34.391485 29.596054 17.603323 11.382139 7.954309 59.261682 19.201454 12.924195 13.589823 6.975078 3.267913 3.978193 22.094496 102.583593 22.055036 7.939772 7.425753 5.018692 5.490135 12.936656 57.522326 25.968847 5.576324 4.318795 9.850467 18.597092 19.199377 20.804777 27.463136 5.937695 3.847352 4.041537 11.803738 17.948079 15.091381 12.104881 8.724818 ]
}
CLUSTER-3 {size: 863
[ 51.568075 23.218310 8.070423 6.630282 8.954225 7.883803 8.383803 20.649061 53.529343 44.759390 33.900235 28.483568 17.051643 6.625587 5.057512 15.553991 14.916667 26.731221 39.142019 56.320423 45.402582 12.757042 4.055164 5.460094 15.056338 12.332160 14.363850 25.136150 29.780516 15.704225 6.915493 8.957746 86.731221 28.916667 8.278169 7.809859 12.473005 17.008216 19.000000 43.154930 99.616197 49.115023 19.814554 16.132629 11.788732 9.474178 12.519953 44.271127 15.642019 18.615023 26.473005 57.180751 75.373239 48.362676 14.481221 8.167840 20.674883 13.637324 15.082160 34.147887 62.274648 43.105634 16.720657 14.956573 79.025822 19.532864 7.377934 7.576291 14.183099 24.257042 28.282864 55.259390 89.830986 17.342723 3.156103 2.806338 8.529343 46.685446 88.833333 91.879108 15.530516 4.714789 4.064554 12.617371 55.170188 107.930751 95.007042 32.276995 32.219484 13.490610 8.934272 16.754695 44.231221 58.551643 35.076291 27.374413 25.571596 9.735915 5.495305 6.488263 13.458920 20.666667 20.350939 23.005869 29.835681 9.163146 5.719484 6.671362 16.302817 53.678404 78.269953 47.954225 29.782864 12.470657 7.227700 6.417840 16.811033 59.387324 69.345070 34.612676 35.794601 14.183099 6.847418 6.325117 11.166667 19.359155 19.159624 23.473005 ]
}
CLUSTER-4 {size: 674
[ 65.699704 14.377219 3.020710 3.773669 7.097633 9.323964 12.112426 31.217456 97.319527 40.585799 13.866864 7.059172 3.894970 3.171598 5.207101 31.251479 19.275148 24.934911 23.082840 14.699704 10.026627 6.806213 4.121302 6.350592 5.063609 10.279586 12.585799 11.362426 11.411243 7.550296 4.193787 3.801775 105.526627 19.806213 3.667160 5.967456 13.381657 14.394970 13.213018 39.616864 129.556213 45.892012 9.159763 3.531065 3.047337 3.846154 6.529586 47.125740 20.137574 18.634615 17.485207 13.198225 15.323964 26.516272 21.428994 8.409763 6.531065 7.476331 9.761834 11.501479 21.452663 38.127219 31.767751 7.860947 97.368343 17.866864 6.963018 7.454142 14.356509 13.022189 11.001479 45.757396 121.584320 16.270710 1.643491 1.415680 3.431953 36.628698 91.427515 99.273669 9.609467 2.501479 2.113905 2.093195 8.670118 109.204142 125.238166 27.960059 12.646450 4.850592 2.102071 2.310651 11.152367 76.069527 104.356509 30.263314 24.971893 9.471893 8.609467 7.906805 12.903846 11.585799 12.841716 22.334320 25.868343 6.455621 6.214497 7.480769 10.702663 44.352071 92.838757 55.331361 10.988166 8.548817 5.764793 4.639053 6.810651 62.902367 96.837278 23.121302 18.837278 11.085799 4.168639 1.754438 3.075444 23.215976 46.282544 21.454142 ]
}
CLUSTER-5 {size: 1596
[ 27.214866 21.700812 12.195503 8.604622 8.930668 6.517177 5.924422 11.019363 25.861337 54.284197 78.102436 34.764522 11.660837 5.959400 5.446596 8.209244 15.043098 32.153654 83.754528 53.367270 11.206746 5.547158 6.322299 9.833229 13.843848 17.493442 28.993754 25.668957 10.179888 5.444722 6.177389 9.915678 93.697689 32.504685 8.721424 7.655215 10.229232 9.210493 9.653966 30.648969 110.919425 88.951905 76.311056 27.707058 4.725796 2.986883 3.968145 29.314179 9.871330 31.286696 97.851343 90.190506 40.483448 20.164272 8.217364 4.917552 9.083073 14.733292 38.137414 64.234853 51.133666 24.128670 10.327920 7.327295 91.993754 18.742036 9.123673 9.626483 11.196752 8.179263 7.808245 40.167395 115.680824 20.482199 4.314803 2.751405 5.540287 27.472205 58.873829 99.500937 10.089319 4.183011 6.990631 16.844472 43.907558 98.639600 90.206121 27.238601 10.476577 7.197377 8.225484 19.655840 49.829482 69.109931 41.191755 16.400999 29.798876 11.424735 8.199250 8.207370 9.354154 6.394129 8.274204 21.079950 37.872580 9.047470 5.294816 6.372267 11.640849 32.370394 65.927545 62.866334 11.141786 7.560275 6.520924 6.639600 17.440350 65.438476 73.927545 26.474703 13.420987 8.241099 6.693941 5.288570 10.337914 25.324172 25.966271 16.618988 ]
}
CLUSTER-6 {size: 1016
[ 25.660750 22.881657 23.531558 23.479290 14.584813 6.582840 4.923077 10.764300 40.972387 57.103550 68.106509 49.303748 14.371795 5.432939 4.698225 12.359961 34.994083 39.160750 58.297830 62.980276 24.491124 6.349112 5.371795 13.826430 37.201183 21.818540 16.369822 19.068047 13.553254 6.557199 5.771203 15.967456 65.607495 51.337278 36.252465 26.682446 15.511834 7.911243 8.986193 24.768245 82.087771 85.214004 72.887574 41.464497 11.051282 4.097633 6.127219 27.740631 22.990138 31.402367 66.888560 97.142012 73.929980 17.540434 5.315582 8.654832 43.020710 23.980276 24.637081 41.995069 42.076923 17.434911 10.328402 22.380671 67.800789 27.791913 18.491124 18.357988 16.428008 15.436884 20.535503 43.015779 85.945759 29.062130 12.683432 9.529586 13.431953 24.502959 44.590730 77.142012 20.499014 6.895464 10.070020 38.049310 85.077909 71.604536 42.719921 31.137081 34.664694 13.434911 13.821499 30.721893 51.907298 31.567061 19.596647 29.395464 30.207101 9.500000 6.601578 9.912229 14.732742 13.972387 16.881657 26.811637 43.506903 9.214004 5.098619 9.152860 18.964497 34.553254 51.801775 59.015779 21.321499 5.499014 4.080868 11.281065 39.490138 60.408284 54.322485 40.030572 24.766272 7.832347 5.466469 11.406312 22.747535 19.554241 18.537475 25.236686 ]
}
clustering_time: 0.588656 seconds
Silhouette: [ s1 = 0.237493 ,s2 = 0.104034 ,s3 = 0.010676 ,s4 = 0.142144 ,s5 = 0.115804 ,s6 = -0.001404 ,stotal = 0.155026 ]

CLUSTER-1 {
[ 22.425419 11.968942 7.030650 7.715366 12.744381 19.799550 23.692072 20.240499 23.212096 10.994483 7.442787 8.712096 20.738047 51.388639 59.664078 32.685329 52.091132 11.761545 7.026767 9.470985 14.396404 33.350429 56.304863 59.291582 35.435227 12.452186 9.258684 12.993053 15.124234 12.733551 13.217205 24.642828 22.973233 11.659992 11.924806 20.803637 32.665509 45.957090 38.970168 21.828566 16.140785 5.865958 8.583980 19.263179 40.283000 72.035349 65.749898 26.519820 104.634655 20.976093 6.142215 5.183081 7.515325 24.077850 50.474867 86.092971 86.426236 22.726808 12.326522 16.791582 18.534123 15.691255 15.734164 45.685738 23.145893 19.230282 36.891500 41.075398 32.830405 23.892521 15.410911 14.809358 15.945035 26.378218 65.995096 65.628729 39.307724 20.587863 9.251328 7.397630 102.238047 71.357581 56.957703 23.680834 6.895382 4.539640 5.552105 31.676747 88.434205 38.152227 17.572129 16.385166 16.727830 14.058030 12.465468 32.290969 22.914794 19.099305 25.538210 19.439722 12.457295 7.650184 7.112587 13.197589 24.682060 32.460564 61.556191 45.301798 18.525746 8.072742 7.679199 13.850225 46.052513 51.421537 61.380670 33.322436 12.554965 7.642215 6.985492 14.181242 37.898651 23.100123 15.521251 13.589702 13.372497 10.336126 8.789334 15.305476 ]
23, 25, 26, 27, 35, 36, 37, 38, 39, 40, 41, 42, 43, 44, 45, 46, 47, 48, 49, 50, 68, 69, 77, 81, 82, 84, 85, 88, 94, 95, 96, 97, 98, 99, 100, 103, 107, 108, 109, 110, 121, 122, 123, 124, 125, 126, 127, 128, 129, 130, 131, 132, 133, 134, 136, 137, 138, 139, 140, 145, 146, 147, 148, 149, 150, 151, 152, 155, 156, 157, 170, 171, 172, 173, 174, 175, 177, 178, 185, 186, 189, 191, 192, 193, 194, 195, 198, 200, 201, 210, 211, 216, 217, 218, 219, 220, 225, 226, 227, 228, 229, 230, 232, 233, 239, 240, 241, 244, 245, 249, 250, 260, 261, 262, 263, 264, 265, 271, 272, 273, 276, 277, 281, 282, 283, 284, 285, 286, 287, 288, 289, 293, 294, 299, 300, 301, 302, 303, 304, 310, 311, 314, 315, 316, 317, 318, 319, 320, 322, 323, 328, 329, 330, 331, 337, 338, 339, 340, 341, 342, 345, 346, 347, 348, 349, 350, 351, 361, 362, 363, 364, 365, 369, 370, 371, 372, 376, 377, 382, 383, 390, 393, 394, 397, 398, 401, 402, 403, 404, 407, 408, 409, 412, 413, 419, 420, 421, 422, 423, 424, 428, 429, 431, 436, 437, 438, 439, 440, 441, 445, 446, 449, 450, 451, 452, 453, 463, 464, 465, 466, 468, 469, 470, 471, 472, 477, 478, 479, 480, 483, 484, 485, 486, 487, 488, 489, 490, 493, 494, 495, 496, 497, 498, 503, 504, 505, 506, 507, 508, 509, 510, 511, 517, 518, 523, 524, 525, 526, 527, 530, 531, 532, 533, 536, 538, 539, 540, 541, 542, 543, 545, 560, 561, 564, 565, 566, 567, 568, 569, 570, 571, 572, 574, 578, 579, 580, 583, 584, 587, 588, 598, 599, 600, 601, 602, 603, 606, 607, 610, 611, 612, 613, 614, 615, 616, 617, 618, 625, 626, 627, 628, 629, 630, 631, 632, 638, 639, 642, 643, 644, 645, 646, 647, 657, 661, 662, 663, 664, 665, 666, 667, 668, 669, 670, 671, 672, 673, 674, 676, 677, 678, 680, 681, 682, 684, 685, 686, 687, 688, 694, 695, 696, 697, 698, 699, 700, 703, 704, 707, 713, 714, 717, 718, 721, 722, 724, 734, 735, 736, 739, 740, 741, 742, 743, 744, 747, 748, 749, 755, 756, 757, 758, 761, 762, 763, 769, 770, 772, 773, 774, 780, 781, 782, 783, 786, 787, 788, 789, 790, 791, 792, 793, 795, 796, 799, 800, 801, 804, 805, 806, 807, 808, 812, 813, 816, 817, 818, 819, 820, 822, 823, 824, 826, 827, 834, 835, 836, 839, 840, 841, 842, 843, 844, 845, 847, 848, 849, 850, 851, 858, 859, 860, 862, 863, 864, 870, 871, 883, 884, 885, 886, 887, 897, 898, 910, 913, 914, 915, 916, 917, 920, 923, 924, 925, 926, 929, 930, 933, 939, 940, 941, 942, 943, 944, 947, 948, 949, 950, 954, 955, 958, 965, 978, 979, 980, 981, 982, 983, 984, 988, 989, 990, 991, 995, 996, 997, 998, 999, 1005, 1006, 1013, 1016, 1017, 1018, 1027, 1028, 1029, 1030, 1031, 1032, 1033, 1034, 1035, 1036, 1037, 1038, 1039, 1045, 1046, 1050, 1051, 1052, 1053, 1054, 1058, 1063, 1065, 1066, 1069, 1070, 1071, 1072, 1073, 1074, 1075, 1086, 1087, 1088, 1091, 1092, 1093, 1094, 1095, 1096, 1097, 1098, 1100, 1101, 1102, 1103, 1108, 1109, 1110, 1111, 1112, 1113, 1117, 1118, 1120, 1121, 1125, 1126, 1127, 1128, 1130, 1131, 1132, 1133, 1139, 1140, 1141, 1142, 1143, 1144, 1147, 1148, 1149, 1150, 1151, 1152, 1155, 1156, 1157, 1162, 1163, 1164, 1165, 1166, 1167, 1168, 1175, 1176, 1177, 1182, 1183, 1184, 1185, 1186, 1187, 1188, 1189, 1192, 1193, 1194, 1195, 1200, 1201, 1202, 1203, 1204, 1205, 1206, 1211, 1212, 1213, 1219, 1220, 1228, 1229, 1230, 1231, 1236, 1237, 1238, 1239, 1240, 1241, 1242, 1243, 1244, 1245, 1246, 1247, 1249, 1250, 1251, 1254, 1255, 1256, 1262, 1266, 1267, 1269, 1272, 1273, 1280, 1281, 1282, 1283, 1284, 1287, 1288, 1291, 1292, 1293, 1294, 1295, 1296, 1302, 1306, 1307, 1308, 1309, 1310, 1311, 1312, 1313, 1316, 1318, 1319, 1320, 1323, 1324, 1325, 1326, 1327, 1328, 1329, 1333, 1334, 1335, 1340, 1341, 1342, 1347, 1353, 1354, 1355, 1363, 1364, 1367, 1368, 1369, 1370, 1371, 1379, 1382, 1383, 1384, 1385, 1386, 1387, 1388, 1389, 1390, 1391, 1401, 1402, 1403, 1404, 1415, 1416, 1417, 1427, 1428, 1429, 1430, 1431, 1433, 1434, 1439, 1444, 1445, 1446, 1447, 1448, 1449, 1453, 1454, 1455, 1458, 1459, 1460, 1461, 1462, 1463, 1464, 1468, 1469, 1470, 1471, 1475, 1476, 1477, 1480, 1485, 1486, 1487, 1489, 1490, 1491, 1492, 1493, 1494, 1495, 1497, 1498, 1499, 1502, 1503, 1504, 1505, 1506, 1507, 1510, 1511, 1513, 1514, 1517, 1518, 1519, 1520, 1521, 1522, 1523, 1524, 1532, 1533, 1534, 1535, 1536, 1537, 1538, 1541, 1542, 1544, 1545, 1552, 1553, 1554, 1557, 1558, 1559, 1564, 1565, 1566, 1567, 1572, 1573, 1574, 1575, 1578, 1579, 1581, 1597, 1598, 1599, 1600, 1603, 1605, 1606, 1607, 1608, 1609, 1610, 1615, 1616, 1617, 1618, 1619, 1620, 1621, 1624, 1625, 1626, 1627, 1628, 1632, 1633, 1634, 1635, 1646, 1647, 1664, 1665, 1666, 1667, 1668, 1669, 1670, 1677, 1678, 1679, 1680, 1681, 1683, 1684, 1685, 1686, 1687, 1688, 1689, 1690, 1694, 1695, 1696, 1699, 1700, 1701, 1704, 1705, 1706, 1707, 1708, 1709, 1710, 1711, 1712, 1713, 1714, 1715, 1716, 1717, 1728, 1729, 1736, 1737, 1738, 1739, 1740, 1741, 1751, 1752, 1753, 1754, 1757, 1758, 1759, 1760, 1761, 1762, 1763, 1764, 1765, 1772, 1773, 1774, 1775, 1776, 1777, 1778, 1784, 1785, 1786, 1787, 1788, 1789, 1794, 1795, 1796, 1797, 1800, 1801, 1802, 1803, 1806, 1807, 1808, 1812, 1813, 1816, 1817, 1825, 1830, 1831, 1832, 1833, 1834, 1835, 1840, 1841, 1842, 1843, 1844, 1846, 1847, 1848, 1849, 1850, 1852, 1853, 1854, 1855, 1856, 1857, 1863, 1864, 1866, 1867, 1868, 1869, 1870, 1874, 1875, 1880, 1885, 1886, 1887, 1888, 1894, 1895, 1896, 1897, 1898, 1899, 1900, 1906, 1907, 1917, 1919, 1921, 1922, 1927, 1928, 1929, 1931, 1934, 1935, 1936, 1937, 1938, 1939, 1940, 1941, 1942, 1943, 1944, 1945, 1948, 1949, 1950, 1954, 1955, 1963, 1964, 1967, 1968, 1970, 1971, 1972, 1973, 1974, 1975, 1981, 1982, 1983, 1984, 1985, 1986, 1987, 1988, 1989, 1990, 1991, 1992, 1993, 1994, 1996, 1997, 1998, 1999, 2000, 2001, 2002, 2003, 2004, 2005, 2006, 2007, 2016, 2019, 2020, 2022, 2023, 2024, 2025, 2026, 2027, 2029, 2030, 2031, 2036, 2037, 2039, 2040, 2041, 2042, 2043, 2044, 2045, 2053, 2054, 2055, 2056, 2057, 2060, 2061, 2062, 2064, 2065, 2066, 2067, 2069, 2070, 2074, 2075, 2078, 2079, 2080, 2081, 2082, 2087, 2088, 2089, 2090, 2096, 2097, 2098, 2104, 2105, 2106, 2107, 2108, 2109, 2110, 2111, 2112, 2113, 2114, 2115, 2116, 2117, 2118, 2119, 2120, 2125, 2128, 2129, 2130, 2131, 2137, 2138, 2139, 2140, 2144, 2145, 2148, 2149, 2150, 2151, 2152, 2153, 2154, 2155, 2158, 2159, 2160, 2161, 2162, 2163, 2164, 2165, 2166, 2169, 2172, 2173, 2174, 2175, 2176, 2177, 2180, 2181, 2182, 2183, 2184, 2188, 2190, 2192, 2193, 2194, 2198, 2199, 2200, 2201, 2202, 2203, 2204, 2205, 2206, 2212, 2213, 2214, 2215, 2219, 2220, 2229, 2232, 2233, 2235, 2238, 2239, 2241, 2242, 2245, 2246, 2250, 2251, 2254, 2255, 2259, 2260, 2261, 2262, 2263, 2264, 2265, 2266, 2268, 2271, 2272, 2273, 2274, 2275, 2277, 2278, 2279, 2280, 2281, 2282, 2285, 2286, 2287, 2290, 2293, 2294, 2295, 2296, 2300, 2301, 2302, 2303, 2304, 2305, 2307, 2308, 2309, 2310, 2311, 2312, 2313, 2314, 2315, 2316, 2319, 2320, 2321, 2328, 2329, 2330, 2331, 2337, 2338, 2345, 2346, 2347, 2348, 2349, 2350, 2352, 2353, 2355, 2356, 2357, 2358, 2359, 2361, 2362, 2363, 2364, 2369, 2370, 2371, 2372, 2373, 2374, 2376, 2377, 2379, 2380, 2381, 2382, 2383, 2384, 2385, 2389, 2391, 2392, 2393, 2395, 2396, 2397, 2398, 2399, 2405, 2406, 2407, 2408, 2409, 2410, 2411, 2412, 2413, 2414, 2415, 2416, 2417, 2418, 2419, 2420, 2421, 2431, 2434, 2435, 2436, 2437, 2438, 2439, 2440, 2441, 2446, 2447, 2448, 2449, 2450, 2451, 2452, 2455, 2456, 2457, 2458, 2459, 2464, 2465, 2466, 2469, 2470, 2472, 2473, 2475, 2476, 2477, 2478, 2479, 2489, 2490, 2491, 2492, 2493, 2494, 2495, 2496, 2497, 2498, 2499, 2503, 2504, 2505, 2506, 2507, 2508, 2509, 2510, 2513, 2514, 2515, 2516, 2517, 2525, 2526, 2527, 2528, 2530, 2531, 2532, 2533, 2534, 2539, 2540, 2543, 2544, 2554, 2562, 2565, 2566, 2567, 2568, 2570, 2571, 2572, 2574, 2575, 2576, 2577, 2578, 2579, 2580, 2583, 2584, 2585, 2588, 2589, 2590, 2591, 2602, 2603, 2604, 2605, 2606, 2607, 2608, 2614, 2617, 2618, 2619, 2625, 2626, 2627, 2628, 2629, 2630, 2631, 2634, 2635, 2636, 2639, 2640, 2642, 2643, 2644, 2645, 2646, 2647, 2648, 2649, 2650, 2651, 2652, 2664, 2665, 2666, 2667, 2672, 2673, 2674, 2675, 2677, 2678, 2679, 2683, 2684, 2685, 2686, 2687, 2690, 2691, 2694, 2695, 2696, 2697, 2700, 2701, 2702, 2703, 2706, 2707, 2711, 2716, 2717, 2718, 2719, 2722, 2723, 2728, 2730, 2731, 2732, 2733, 2734, 2735, 2736, 2737, 2738, 2739, 2740, 2741, 2742, 2743, 2744, 2745, 2746, 2747, 2748, 2750, 2751, 2754, 2755, 2756, 2757, 2759, 2760, 2761, 2762, 2763, 2764, 2765, 2766, 2767, 2770, 2771, 2773, 2774, 2775, 2776, 2777, 2782, 2783, 2784, 2785, 2786, 2792, 2793, 2794, 2795, 2796, 2797, 2798, 2799, 2801, 2802, 2805, 2806, 2807, 2808, 2811, 2816, 2817, 2820, 2821, 2822, 2823, 2824, 2825, 2838, 2840, 2841, 2842, 2843, 2844, 2845, 2846, 2849, 2850, 2851, 2852, 2853, 2856, 2860, 2867, 2868, 2871, 2872, 2876, 2878, 2879, 2880, 2881, 2882, 2883, 2886, 2887, 2888, 2889, 2890, 2891, 2898, 2899, 2900, 2901, 2902, 2906, 2907, 2908, 2909, 2910, 2914, 2922, 2923, 2924, 2925, 2928, 2929, 2930, 2933, 2934, 2935, 2936, 2937, 2938, 2939, 2940, 2943, 2944, 2945, 2946, 2953, 2954, 2958, 2959, 2960, 2961, 2962, 2963, 2965, 2966, 2967, 2968, 2969, 2970, 2971, 2972, 2973, 2974, 2975, 2976, 2977, 2986, 2990, 2991, 2992, 2993, 2995, 3002, 3003, 3005, 3006, 3009, 3010, 3013, 3014, 3017, 3018, 3020, 3024, 3025, 3026, 3027, 3029, 3030, 3041, 3042, 3043, 3044, 3048, 3056, 3057, 3060, 3061, 3062, 3063, 3065, 3066, 3067, 3068, 3069, 3070, 3075, 3076, 3078, 3079, 3080, 3081, 3082, 3084, 3085, 3097, 3098, 3099, 3100, 3101, 3102, 3103, 3109, 3110, 3111, 3112, 3113, 3114, 3115, 3116, 3117, 3118, 3119, 3120, 3121, 3122, 3123, 3124, 3125, 3126, 3127, 3131, 3132, 3133, 3134, 3135, 3136, 3137, 3138, 3139, 3142, 3143, 3144, 3145, 3148, 3149, 3150, 3152, 3153, 3154, 3155, 3156, 3157, 3158, 3159, 3162, 3163, 3166, 3167, 3170, 3171, 3172, 3173, 3174, 3175, 3180, 3181, 3182, 3183, 3186, 3187, 3190, 3196, 3197, 3198, 3199, 3200, 3201, 3204, 3205, 3211, 3212, 3215, 3219, 3220, 3221, 3222, 3223, 3224, 3225, 3226, 3228, 3229, 3230, 3231, 3234, 3235, 3238, 3241, 3242, 3243, 3244, 3245, 3247, 3248, 3249, 3250, 3262, 3263, 3264, 3266, 3267, 3268, 3269, 3270, 3272, 3276, 3277, 3283, 3284, 3285, 3286, 3287, 3288, 3289, 3290, 3292, 3293, 3295, 3296, 3297, 3298, 3299, 3300, 3301, 3302, 3303, 3305, 3308, 3309, 3310, 3313, 3315, 3316, 3317, 3318, 3319, 3320, 3321, 3322, 3325, 3328, 3329, 3332, 3336, 3337, 3342, 3343, 3344, 3345, 3346, 3347, 3350, 3351, 3354, 3355, 3356, 3357, 3360, 3361, 3362, 3363, 3364, 3365, 3366, 3367, 3368, 3379, 3380, 3381, 3382, 3386, 3387, 3390, 3391, 3392, 3393, 3394, 3395, 3396, 3397, 3398, 3399, 3400, 3401, 3402, 3405, 3406, 3407, 3409, 3410, 3411, 3412, 3413, 3414, 3415, 3417, 3418, 3419, 3420, 3422, 3423, 3425, 3426, 3427, 3428, 3429, 3430, 3437, 3438, 3441, 3442, 3443, 3444, 3448, 3449, 3450, 3451, 3453, 3454, 3455, 3456, 3458, 3459, 3460, 3461, 3467, 3471, 3472, 3473, 3474, 3475, 3476, 3477, 3478, 3481, 3482, 3483, 3489, 3490, 3491, 3492, 3495, 3496, 3498, 3499, 3506, 3507, 3510, 3511, 3512, 3513, 3514, 3515, 3516, 3521, 3522, 3526, 3527, 3528, 3529, 3530, 3531, 3534, 3535, 3536, 3537, 3538, 3539, 3540, 3541, 3544, 3549, 3550, 3551, 3552, 3553, 3554, 3557, 3558, 3559, 3560, 3561, 3562, 3563, 3567, 3568, 3569, 3573, 3574, 3578, 3579, 3582, 3583, 3584, 3588, 3589, 3590, 3591, 3592, 3597, 3605, 3606, 3609, 3610, 3611, 3612, 3613, 3614, 3615, 3616, 3619, 3620, 3621, 3622, 3624, 3625, 3626, 3627, 3628, 3629, 3630, 3634, 3635, 3636, 3637, 3638, 3639, 3645, 3646, 3647, 3649, 3650, 3653, 3654, 3655, 3656, 3657, 3660, 3677, 3678, 3679, 3680, 3681, 3682, 3683, 3684, 3685, 3686, 3687, 3688, 3692, 3693, 3694, 3695, 3696, 3697, 3698, 3699, 3700, 3710, 3711, 3712, 3713, 3714, 3715, 3716, 3717, 3718, 3720, 3721, 3725, 3734, 3735, 3736, 3737, 3738, 3741, 3743, 3744, 3745, 3746, 3747, 3751, 3752, 3753, 3754, 3759, 3760, 3762, 3770, 3773, 3774, 3777, 3778, 3783, 3784, 3785, 3788, 3789, 3790, 3793, 3794, 3795, 3796, 3797, 3798, 3806, 3807, 3808, 3809, 3810, 3811, 3812, 3813, 3814, 3815, 3816, 3826, 3827, 3829, 3830, 3832, 3833, 3834, 3835, 3836, 3837, 3838, 3839, 3840, 3841, 3842, 3843, 3849, 3850, 3851, 3852, 3853, 3854, 3855, 3856, 3857, 3858, 3859, 3862, 3863, 3864, 3865, 3868, 3869, 3870, 3872, 3873, 3874, 3875, 3878, 3879, 3880, 3881, 3883, 3884, 3885, 3886, 3887, 3888, 3889, 3891, 3893, 3894, 3895, 3896, 3897, 3898, 3899, 3902, 3903, 3904, 3905, 3906, 3907, 3908, 3909, 3910, 3911, 3914, 3915, 3916, 3917, 3918, 3919, 3920, 3921, 3923, 3926, 3927, 3929, 3933, 3934, 3935, 3936, 3942, 3943, 3944, 3945, 3947, 3948, 3949, 3950, 3951, 3952, 3953, 3955, 3958, 3966, 3967, 3968, 3969, 3971, 3972, 3975, 3976, 3977, 3978, 3982, 3983, 3986, 3990, 3991, 3992, 3993, 3994, 3996, 3997, 3998, 3999, 4000, 4001, 4002, 4003, 4007, 4008, 4009, 4010, 4011, 4014, 4015, 4016, 4019, 4020, 4021, 4022, 4023, 4024, 4025, 4026, 4028, 4029, 4034, 4035, 4037, 4038, 4039, 4045, 4049, 4050, 4051, 4052, 4053, 4056, 4057, 4058, 4059, 4060, 4061, 4062, 4063, 4064, 4065, 4066, 4067, 4068, 4069, 4070, 4073, 4074, 4075, 4076, 4088, 4089, 4090, 4095, 4096, 4097, 4098, 4099, 4100, 4101, 4102, 4103, 4104, 4105, 4112, 4113, 4119, 4120, 4123, 4124, 4125, 4126, 4129, 4130, 4131, 4132, 4133, 4136, 4137, 4138, 4139, 4140, 4141, 4142, 4143, 4144, 4145, 4146, 4147, 4153, 4159, 4160, 4163, 4164, 4165, 4169, 4170, 4171, 4172, 4174, 4175, 4176, 4177, 4178, 4179, 4180, 4181, 4182, 4183, 4184, 4185, 4188, 4189, 4192, 4193, 4200, 4202, 4203, 4208, 4209, 4214, 4215, 4217, 4218, 4220, 4221, 4223, 4224, 4231, 4234, 4235, 4238, 4239, 4242, 4243, 4244, 4245, 4246, 4247, 4248, 4249, 4250, 4251, 4252, 4253, 4254, 4256, 4257, 4262, 4263, 4264, 4265, 4269, 4270, 4271, 4272, 4273, 4276, 4280, 4281, 4285, 4286, 4287, 4289, 4290, 4291, 4292, 4293, 4294, 4295, 4296, 4297, 4298, 4299, 4301, 4302, 4306, 4307, 4315, 4320, 4321, 4322, 4323, 4324, 4325, 4326, 4327, 4336, 4337, 4342, 4343, 4344, 4351, 4356, 4357, 4360, 4361, 4362, 4363, 4364, 4367, 4370, 4371, 4372, 4373, 4374, 4375, 4376, 4377, 4378, 4379, 4380, 4381, 4382, 4383, 4384, 4385, 4386, 4387, 4388, 4397, 4398, 4399, 4412, 4413, 4414, 4415, 4416, 4419, 4420, 4421, 4422, 4423, 4424, 4425, 4426, 4427, 4428, 4429, 4430, 4431, 4432, 4436, 4437, 4438, 4439, 4442, 4443, 4444, 4445, 4446, 4447, 4448, 4449, 4450, 4451, 4455, 4456, 4457, 4467, 4468, 4476, 4482, 4483, 4486, 4487, 4488, 4494, 4495, 4498, 4502, 4503, 4514, 4515, 4516, 4517, 4518, 4523, 4524, 4525, 4526, 4527, 4528, 4529, 4530, 4533, 4534, 4545, 4550, 4551, 4552, 4564, 4565, 4579, 4580, 4581, 4598, 4599, 4611, 4612, 4613, 4619, 4620, 4629, 4643, 4644, 4645, 4649, 4650, 4653, 4654, 4687, 4696, 4697, 4723, 4724, 4732, 4733, 4746, 4747, 4748, 4751, 4759, 4760, 4772, 4773, 4775, 4799, 4800, 4801, 4802, 4810, 4815, 4816, 4825, 4838, 4839, 4859, 4860, 4869, 4870, 4883, 4895, 4896, 4913, 4920, 4921, 4922, 4923, 4924, 4936, 4937, 4938, 4939, 4944, 4955, 4956, 4967, 4968, 4975, 4980, 4984, 4998, 4999, 5020, 5021, 5035, 5036, 5038, 5039, 5041, 5049, 5050, 5059, 5060, 5066, 5067, 5080, 5081, 5082, 5094, 5095, 5098, 5099, 5100, 5105, 5106, 5110, 5115, 5116, 5119, 5120, 5126, 5127, 5141, 5142, 5149, 5151, 5152, 5153, 5175, 5181, 5182, 5185, 5186, 5188, 5189, 5190, 5191, 5192, 5193, 5199, 5202, 5203, 5204, 5211, 5212, 5223, 5227, 5228, 5231, 5232, 5239, 5255, 5256, 5259, 5262, 5263, 5269, 5270, 5271, 5272, 5275, 5276, 5277, 5278, 5284, 5285, 5291, 5292, 5299, 5305, 5306, 5307, 5308, 5309, 5310, 5313, 5314, 5315, 5317, 5318, 5319, 5323, 5324, 5341, 5347, 5348, 5349, 5356, 5359, 5360, 5367, 5375, 5376, 5377, 5378, 5383, 5384, 5385, 5392, 5393, 5394, 5395, 5400, 5401, 5410, 5411, 5416, 5417, 5421, 5423, 5429, 5443, 5444, 5445, 5446, 5447, 5448, 5450, 5451, 5456, 5466, 5467, 5472, 5473, 5474, 5475, 5480, 5481, 5490, 5491, 5496, 5498, 5499, 5500, 5505, 5506, 5507, 5508, 5509, 5514, 5517, 5518, 5536, 5537, 5538, 5539, 5545, 5548, 5552, 5553, 5563, 5564, 5565, 5566, 5570, 5574, 5575, 5581, 5582, 5583, 5584, 5585, 5590, 5591, 5598, 5599, 5600, 5601, 5603, 5604, 5607, 5608, 5617, 5618, 5623, 5624, 5631, 5632, 5637, 5638, 5642, 5655, 5656, 5657, 5658, 5659, 5660, 5661, 5662, 5663, 5666, 5668, 5671, 5672, 5677, 5678, 5679, 5680, 5681, 5685, 5686, 5688, 5689, 5690, 5691, 5692, 5693, 5694, 5696, 5699, 5700, 5705, 5706, 5708, 5709, 5722, 5723, 5724, 5725, 5726, 5727, 5728, 5736, 5739, 5740, 5743, 5744, 5752, 5753, 5756, 5763, 5764, 5765, 5766, 5767, 5780, 5781, 5782, 5793, 5794, 5797, 5798, 5800, 5801, 5802, 5809, 5810, 5813, 5814, 5815, 5816, 5817, 5818, 5819, 5825, 5826, 5829, 5830, 5831, 5839, 5840, 5841, 5842, 5843, 5844, 5845, 5846, 5852, 5853, 5854, 5857, 5858, 5867, 5868, 5869, 5870, 5874, 5875, 5876, 5877, 5881, 5882, 5890, 5891, 5892, 5893, 5894, 5901, 5902, 5907, 5915, 5918, 5919, 5920, 5923, 5924, 5927, 5928, 5929, 5931, 5932, 5933, 5934, 5935, 5952, 5953, 5954, 5955, 5962, 5967, 5968, 5972, 5973, 5974, 5975, 5976, 5982, 5983, 5984, 5987, 5988, 5995, 5996, 5999, 6000, 6001, 6002, 6003, 6004, 6005, 6010, 6011, 6012, 6013, 6018, 6019, 6020, 6022, 6023, 6037, 6038, 6039, 6040, 6043, 6044, 6045, 6053, 6054, 6055, 6056, 6061, 6062, 6064, 6065, 6067, 6070, 6071, 6072, 6073, 6074, 6075, 6078, 6079, 6080, 6081, 6082, 6083, 6087, 6092, 6093, 6094, 6095, 6098, 6099, 6100, 6101, 6102, 6111, 6112, 6113, 6114, 6115, 6116, 6121, 6122, 6127, 6128, 6139, 6140, 6141, 6146, 6147, 6152, 6153, 6154, 6155, 6156, 6157, 6158, 6159, 6160, 6161, 6166, 6167, 6168, 6174, 6175, 6178, 6179, 6183, 6184, 6185, 6186, 6189, 6190, 6191, 6194, 6195, 6196, 6197, 6198, 6199, 6204, 6205, 6207, 6208, 6209, 6210, 6211, 6212, 6213, 6214, 6220, 6221, 6224, 6225, 6228, 6229, 6232, 6233, 6242, 6244, 6245, 6246, 6247, 6250, 6252, 6253, 6256, 6257, 6258, 6281, 6282, 6283, 6284, 6285, 6286, 6287, 6288, 6291, 6292, 6295, 6296, 6297, 6312, 6313, 6314, 6316, 6317, 6318, 6326, 6327, 6333, 6334, 6337, 6338, 6345, 6346, 6357, 6358, 6359, 6360, 6368, 6370, 6374, 6375, 6376, 6377, 6385, 6386, 6387, 6392, 6393, 6394, 6395, 6396, 6397, 6400, 6406, 6411, 6412, 6418, 6419, 6421, 6422, 6427, 6433, 6442, 6443, 6444, 6445, 6446, 6450, 6451, 6455, 6458, 6459, 6460, 6461, 6464, 6465, 6466, 6467, 6468, 6469, 6470, 6472, 6473, 6474, 6475, 6480, 6481, 6482, 6483, 6484, 6486, 6487, 6494, 6495, 6496, 6499, 6500, 6512, 6513, 6514, 6515, 6516, 6517, 6519, 6520, 6522, 6523, 6530, 6531, 6533, 6534, 6535, 6536, 6537, 6538, 6539, 6540, 6541, 6542, 6543, 6550, 6564, 6568, 6569, 6570, 6571, 6572, 6573, 6574, 6575, 6576, 6577, 6580, 6581, 6586, 6587, 6588, 6590, 6591, 6592, 6593, 6594, 6599, 6600, 6601, 6612, 6613, 6614, 6615, 6623, 6624, 6627, 6629, 6630, 6631, 6636, 6637, 6638, 6639, 6640, 6646, 6647, 6649, 6650, 6651, 6652, 6653, 6654, 6655, 6659, 6660, 6663, 6664, 6667, 6668, 6669, 6670, 6671, 6672, 6673, 6674, 6675, 6676, 6677, 6678, 6679, 6683, 6685, 6686, 6687, 6688, 6689, 6692, 6693, 6697, 6698, 6699, 6700, 6705, 6706, 6708, 6709, 6710, 6711, 6712, 6713, 6720, 6721, 6723, 6724, 6725, 6728, 6729, 6730, 6731, 6734, 6749, 6750, 6751, 6752, 6760, 6761, 6762, 6763, 6764, 6765, 6767, 6768, 6769, 6770, 6775, 6776, 6777, 6778, 6783, 6790, 6791, 6792, 6793, 6794, 6798, 6799, 6800, 6807, 6808, 6809, 6810, 6818, 6819, 6820, 6821, 6829, 6830, 6831, 6832, 6833, 6834, 6835, 6836, 6837, 6838, 6841, 6842, 6843, 6844, 6845, 6846, 6850, 6855, 6856, 6857, 6858, 6859, 6860, 6861, 6862, 6863, 6864, 6865, 6880, 6881, 6882, 6890, 6891, 6893, 6894, 6897, 6898, 6900, 6901, 6902, 6905, 6913, 6914, 6921, 6922, 6928, 6929, 6935, 6936, 6941, 6942, 6945, 6946, 6947, 6948, 6949, 6962, 6965, 6966, 6967, 6968, 6969, 6970, 6971, 6972, 6973, 6974, 6978, 6979, 6982, 6983, 6984, 6992, 6993, 6998, 6999, 7009, 7010, 7011, 7012, 7013, 7014, 7016, 7017, 7021, 7022, 7027, 7030, 7031, 7034, 7035, 7037, 7038, 7039, 7043, 7044, 7052, 7055, 7056, 7057, 7058, 7061, 7062, 7063, 7064, 7065, 7066, 7067, 7068, 7069, 7070, 7071, 7074, 7075, 7076, 7077, 7080, 7081, 7084, 7085, 7086, 7087, 7088, 7089, 7090, 7091, 7092, 7093, 7096, 7097, 7098, 7099, 7102, 7103, 7104, 7105, 7106, 7107, 7108, 7110, 7111, 7114, 7115, 7116, 7117, 7119, 7120, 7122, 7123, 7129, 7130, 7131, 7132, 7133, 7141, 7142, 7151, 7161, 7162, 7163, 7164, 7170, 7171, 7172, 7173, 7174, 7175, 7176, 7178, 7179, 7180, 7181, 7185, 7186, 7189, 7190, 7194, 7195, 7196, 7197, 7198, 7199, 7202, 7203, 7204, 7209, 7212, 7213, 7214, 7215, 7220, 7221, 7225, 7226, 7227, 7228, 7229, 7230, 7231, 7232, 7233, 7234, 7235, 7239, 7240, 7243, 7244, 7245, 7246, 7247, 7248, 7249, 7250, 7251, 7254, 7255, 7266, 7267, 7271, 7272, 7273, 7274, 7275, 7276, 7277, 7278, 7281, 7282, 7283, 7284, 7285, 7287, 7289, 7290, 7293, 7294, 7295, 7296, 7297, 7299, 7300, 7301, 7304, 7305, 7306, 7307, 7313, 7314, 7315, 7316, 7317, 7318, 7319, 7320, 7321, 7322, 7323, 7325, 7326, 7333, 7334, 7335, 7336, 7337, 7340, 7341, 7342, 7343, 7349, 7350, 7353, 7354, 7356, 7357, 7358, 7359, 7361, 7366, 7367, 7368, 7369, 7370, 7371, 7375, 7376, 7377, 7378, 7379, 7380, 7383, 7384, 7385, 7389, 7390, 7391, 7392, 7393, 7394, 7395, 7396, 7397, 7402, 7403, 7404, 7405, 7406, 7407, 7408, 7424, 7425, 7426, 7433, 7438, 7439, 7440, 7441, 7445, 7446, 7452, 7453, 7460, 7461, 7462, 7470, 7471, 7489, 7490, 7492, 7505, 7506, 7507, 7508, 7520, 7521, 7524, 7525, 7526, 7527, 7528, 7531, 7532, 7534, 7535, 7536, 7537, 7538, 7539, 7540, 7542, 7547, 7548, 7552, 7553, 7555, 7557, 7558, 7560, 7561, 7569, 7572, 7576, 7584, 7587, 7588, 7591, 7595, 7596, 7597, 7600, 7601, 7608, 7609, 7610, 7613, 7620, 7621, 7622, 7623, 7624, 7625, 7626, 7627, 7628, 7629, 7630, 7632, 7633, 7634, 7635, 7636, 7637, 7640, 7641, 7645, 7646, 7647, 7648, 7650, 7651, 7652, 7653, 7656, 7657, 7658, 7659, 7660, 7661, 7662, 7666, 7667, 7669, 7670, 7671, 7681, 7683, 7684, 7685, 7686, 7692, 7693, 7694, 7702, 7703, 7704, 7705, 7706, 7708, 7710, 7711, 7712, 7713, 7714, 7715, 7716, 7718, 7719, 7722, 7723, 7727, 7728, 7729, 7730, 7735, 7736, 7742, 7743, 7746, 7747, 7752, 7755, 7756, 7757, 7760, 7761, 7768, 7769, 7770, 7771, 7774, 7776, 7777, 7781, 7786, 7791, 7792, 7793, 7796, 7797, 7800, 7804, 7808, 7809, 7810, 7814, 7815, 7824, 7825, 7826, 7827, 7828, 7830, 7831, 7832, 7833, 7834, 7835, 7836, 7837, 7838, 7839, 7841, 7842, 7846, 7847, 7848, 7849, 7852, 7853, 7855, 7856, 7857, 7861, 7862, 7863, 7864, 7872, 7873, 7874, 7879, 7880, 7881, 7882, 7883, 7888, 7889, 7890, 7892, 7893, 7894, 7895, 7896, 7897, 7898, 7900, 7901, 7902, 7903, 7904, 7913, 7914, 7915, 7916, 7917, 7918, 7919, 7926, 7929, 7930, 7931, 7934, 7935, 7937, 7942, 7943, 7951, 7952, 7953, 7954, 7955, 7957, 7958, 7959, 7962, 7968, 7969, 7970, 7971, 7977, 7978, 7979, 7980, 7984, 7985, 7986, 7987, 7988, 7991, 7992, 7993, 7994, 8001, 8002, 8007, 8008, 8009, 8010, 8011, 8012, 8013, 8014, 8015, 8017, 8018, 8021, 8022, 8023, 8027, 8028, 8043, 8044, 8045, 8046, 8056, 8057, 8064, 8065, 8067, 8069, 8070, 8074, 8080, 8081, 8082, 8085, 8086, 8087, 8090, 8091, 8104, 8107, 8108, 8113, 8114, 8115, 8116, 8117, 8118, 8124, 8125, 8128, 8129, 8134, 8135, 8139, 8140, 8143, 8144, 8145, 8148, 8149, 8150, 8151, 8154, 8155, 8157, 8158, 8161, 8162, 8163, 8164, 8165, 8166, 8167, 8185, 8192, 8193, 8194, 8195, 8199, 8202, 8203, 8204, 8205, 8206, 8207, 8208, 8209, 8211, 8212, 8213, 8214, 8219, 8220, 8221, 8222, 8224, 8228, 8229, 8232, 8233, 8234, 8235, 8236, 8237, 8238, 8239, 8241, 8242, 8247, 8248, 8250, 8251, 8252, 8258, 8259, 8260, 8270, 8272, 8274, 8275, 8278, 8279, 8280, 8281, 8282, 8283, 8284, 8285, 8289, 8290, 8292, 8293, 8294, 8295, 8296, 8297, 8298, 8304, 8305, 8306, 8307, 8312, 8313, 8314, 8315, 8316, 8317, 8318, 8320, 8321, 8322, 8323, 8324, 8325, 8326, 8344, 8345, 8346, 8347, 8348, 8350, 8351, 8352, 8353, 8360, 8361, 8362, 8366, 8367, 8368, 8371, 8372, 8378, 8379, 8384, 8385, 8386, 8387, 8388, 8390, 8391, 8397, 8400, 8405, 8406, 8408, 8409, 8411, 8412, 8413, 8421, 8422, 8423, 8424, 8425, 8426, 8427, 8428, 8429, 8430, 8431, 8432, 8433, 8434, 8435, 8437, 8438, 8441, 8446, 8447, 8448, 8449, 8454, 8456, 8457, 8461, 8462, 8463, 8464, 8473, 8478, 8479, 8480, 8483, 8484, 8485, 8486, 8487, 8488, 8489, 8490, 8491, 8492, 8494, 8495, 8496, 8499, 8508, 8509, 8510, 8511, 8512, 8513, 8514, 8515, 8516, 8518, 8522, 8524, 8525, 8526, 8529, 8530, 8531, 8532, 8533, 8535, 8536, 8537, 8538, 8543, 8544, 8545, 8546, 8547, 8548, 8549, 8555, 8559, 8560, 8569, 8570, 8571, 8572, 8573, 8574, 8575, 8582, 8583, 8584, 8585, 8586, 8587, 8595, 8596, 8601, 8602, 8603, 8604, 8607, 8608, 8611, 8614, 8615, 8616, 8617, 8620, 8621, 8622, 8625, 8626, 8627, 8628, 8629, 8637, 8640, 8643, 8644, 8648, 8652, 8653, 8654, 8656, 8657, 8658, 8659, 8666, 8667, 8668, 8669, 8670, 8671, 8674, 8675, 8676, 8681, 8686, 8687, 8688, 8689, 8690, 8691, 8692, 8693, 8694, 8701, 8702, 8706, 8709, 8710, 8711, 8716, 8717, 8718, 8720, 8727, 8728, 8729, 8731, 8732, 8735, 8736, 8740, 8741, 8743, 8744, 8749, 8750, 8752, 8753, 8754, 8766, 8767, 8768, 8769, 8772, 8773, 8774, 8775, 8776, 8781, 8782, 8792, 8793, 8796, 8797, 8799, 8800, 8801, 8805, 8806, 8808, 8809, 8810, 8813, 8814, 8817, 8824, 8825, 8830, 8831, 8834, 8835, 8836, 8837, 8838, 8841, 8842, 8843, 8844, 8845, 8846, 8847, 8848, 8849, 8850, 8854, 8857, 8858, 8859, 8860, 8861, 8864, 8865, 8868, 8869, 8870, 8871, 8872, 8876, 8877, 8887, 8888, 8889, 8890, 8892, 8893, 8900, 8905, 8906, 8909, 8910, 8917, 8918, 8922, 8924, 8925, 8926, 8929, 8930, 8931, 8932, 8933, 8934, 8935, 8938, 8939, 8940, 8941, 8942, 8944, 8945, 8947, 8948, 8952, 8953, 8954, 8955, 8956, 8957, 8961, 8962, 8963, 8966, 8967, 8968, 8969, 8970, 8971, 8993, 8994, 8995, 8998, 8999, 9000, 9001, 9002, 9009, 9012, 9015, 9016, 9021, 9022, 9028, 9029, 9030, 9033, 9034, 9037, 9038, 9039, 9044, 9049, 9050, 9053, 9056, 9057, 9064, 9065, 9066, 9067, 9070, 9072, 9073, 9075, 9076, 9080, 9081, 9083, 9084, 9088, 9089, 9090, 9091, 9092, 9093, 9094, 9098, 9099, 9100, 9111, 9112, 9113, 9114, 9118, 9119, 9120, 9123, 9124, 9125, 9126, 9127, 9128, 9129, 9130, 9131, 9132, 9133, 9137, 9138, 9139, 9140, 9141, 9143, 9149, 9150, 9151, 9152, 9158, 9159, 9160, 9161, 9162, 9163, 9167, 9168, 9169, 9170, 9175, 9176, 9177, 9178, 9179, 9180, 9183, 9184, 9189, 9190, 9193, 9194, 9196, 9197, 9198, 9199, 9200, 9201, 9202, 9204, 9205, 9206, 9207, 9212, 9213, 9214, 9218, 9219, 9222, 9223, 9224, 9225, 9226, 9227, 9228, 9229, 9230, 9234, 9235, 9236, 9237, 9238, 9249, 9250, 9251, 9260, 9261, 9262, 9263, 9264, 9269, 9273, 9274, 9275, 9276, 9277, 9278, 9279, 9280, 9281, 9282, 9283, 9284, 9285, 9286, 9289, 9290, 9291, 9292, 9294, 9295, 9296, 9300, 9303, 9304, 9318, 9322, 9323, 9324, 9328, 9331, 9332, 9335, 9336, 9338, 9340, 9341, 9343, 9344, 9345, 9347, 9348, 9351, 9352, 9353, 9354, 9359, 9360, 9361, 9363, 9364, 9367, 9368, 9369, 9370, 9371, 9372, 9373, 9374, 9375, 9376, 9379, 9380, 9381, 9382, 9388, 9389, 9390, 9391, 9392, 9393, 9394, 9395, 9396, 9402, 9403, 9404, 9405, 9406, 9408, 9409, 9410, 9411, 9412, 9422, 9423, 9424, 9425, 9426, 9427, 9428, 9429, 9435, 9436, 9437, 9438, 9439, 9440, 9442, 9443, 9444, 9447, 9448, 9449, 9450, 9451, 9452, 9453, 9454, 9455, 9456, 9457, 9461, 9462, 9463, 9468, 9469, 9470, 9471, 9472, 9473, 9475, 9476, 9477, 9478, 9479, 9480, 9486, 9489, 9490, 9491, 9492, 9493, 9494, 9496, 9497, 9498, 9500, 9501, 9502, 9503, 9504, 9507, 9508, 9509, 9510, 9511, 9514, 9515, 9516, 9519, 9520, 9521, 9524, 9526, 9527, 9532, 9533, 9534, 9535, 9536, 9537, 9538, 9539, 9540, 9541, 9542, 9543, 9544, 9545, 9546, 9550, 9551, 9552, 9553, 9554, 9555, 9557, 9558, 9564, 9565, 9566, 9567, 9568, 9569, 9571, 9572, 9573, 9574, 9575, 9576, 9577, 9578, 9579, 9580, 9581, 9582, 9583, 9584, 9585, 9591, 9592, 9593, 9594, 9595, 9596, 9598, 9599, 9600, 9603, 9604, 9605, 9606, 9607, 9608, 9609, 9613, 9614, 9615, 9620, 9621, 9622, 9626, 9627, 9628, 9630, 9631, 9632, 9633, 9634, 9635, 9636, 9637, 9638, 9639, 9640, 9641, 9642, 9643, 9644, 9645, 9646, 9647, 9648, 9649, 9650, 9651, 9652, 9653, 9654, 9655, 9656, 9658, 9659, 9660, 9661, 9662, 9663, 9664, 9665, 9666, 9667, 9668, 9670, 9671, 9672, 9673, 9674, 9675, 9676, 9677, 9678, 9679, 9680, 9681, 9682, 9683, 9684, 9685, 9686, 9690, 9691, 9692, 9693, 9694, 9695, 9702, 9703, 9704, 9705, 9706, 9709, 9710, 9711, 9712, 9713, 9714, 9715, 9716, 9724, 9725, 9726, 9727, 9730, 9731, 9732, 9733, 9734, 9735, 9736, 9737, 9738, 9739, 9741, 9742, 9743, 9744, 9745, 9746, 9747, 9750, 9753, 9754, 9755, 9756, 9759, 9760, 9761, 9764, 9765, 9766, 9775, 9776, 9777, 9778, 9779, 9780, 9781, 9782, 9783, 9784, 9785, 9786, 9787, 9788, 9791, 9794, 9795, 9796, 9802, 9803, 9806, 9807, 9808, 9811, 9812, 9814, 9815, 9816, 9823, 9824, 9825, 9826, 9827, 9828, 9829, 9830, 9831, 9832, 9833, 9834, 9835, 9836, 9837, 9838, 9839, 9840, 9843, 9844, 9845, 9849, 9850, 9851, 9852, 9853, 9857, 9858, 9861, 9862, 9865, 9866, 9867, 9873, 9874, 9878, 9879, 9886, 9887, 9888, 9889, 9897, 9898, 9899, 9901, 9902, 9903, 9904, 9906, 9907, 9908, 9909, 9912, 9915, 9916, 9917, 9918, 9923, 9924, 9925, 9926, 9927, 9928, 9929, 9930, 9931, 9933, 9934, 9935, 9936, 9937, 9938, 9949, 9950, 9954, 9955, 9957, 9958, 9962, 9963, 9965, 9966, 9967, 9968, 9969, 9970, 9971, 9972, 9977, 9978, 9981, 9982, 9984, 9985, 9989, 9990, 9991, 9992, 9995, 9996, 9999, 10000}

CLUSTER-2 {
[ 23.736241 22.671859 21.153686 14.643821 9.554517 6.201454 7.399792 10.261682 21.245067 47.668744 93.788162 39.212876 8.471443 6.857736 8.249221 9.578401 23.094496 38.384216 91.025961 39.760125 6.166147 5.183801 8.247144 14.127726 21.374870 28.183801 43.374870 19.579439 5.725857 3.060228 5.159917 12.119418 98.204569 48.653167 19.308411 14.738318 9.328141 5.788162 7.145379 31.084112 104.115265 89.902388 108.380062 36.390447 2.835929 1.327103 1.980270 28.419522 11.759086 38.735202 123.014538 85.139148 14.401869 3.296989 2.404984 4.276220 14.971963 32.003115 80.793354 56.863967 18.572170 5.347871 3.683281 5.789200 103.674974 26.053998 14.606438 17.591900 9.332295 5.117342 5.893043 41.541018 125.161994 30.318795 9.990654 6.193146 3.569055 3.659398 10.057113 77.860852 21.711319 7.963655 19.781931 29.730010 26.890966 17.715472 16.900312 22.327103 7.386293 8.479751 21.238837 34.391485 29.596054 17.603323 11.382139 7.954309 59.261682 19.201454 12.924195 13.589823 6.975078 3.267913 3.978193 22.094496 102.583593 22.055036 7.939772 7.425753 5.018692 5.490135 12.936656 57.522326 25.968847 5.576324 4.318795 9.850467 18.597092 19.199377 20.804777 27.463136 5.937695 3.847352 4.041537 11.803738 17.948079 15.091381 12.104881 8.724818 ]
16, 21, 24, 71, 214, 223, 234, 255, 266, 296, 344, 375, 395, 406, 410, 414, 426, 502, 512, 537, 552, 593, 596, 604, 705, 711, 732, 737, 750, 765, 778, 802, 854, 890, 908, 911, 931, 951, 960, 970, 976, 985, 1000, 1003, 1012, 1025, 1042, 1059, 1076, 1081, 1090, 1145, 1173, 1190, 1196, 1209, 1221, 1227, 1257, 1260, 1278, 1299, 1301, 1303, 1338, 1343, 1348, 1356, 1362, 1378, 1406, 1418, 1451, 1479, 1488, 1500, 1529, 1539, 1550, 1594, 1601, 1611, 1629, 1636, 1640, 1642, 1652, 1654, 1663, 1672, 1675, 1697, 1702, 1724, 1746, 1767, 1779, 1822, 1836, 1838, 1877, 1881, 1893, 1918, 1925, 1930, 1947, 1952, 1956, 1979, 2012, 2015, 2034, 2047, 2048, 2058, 2068, 2091, 2099, 2101, 2124, 2126, 2132, 2141, 2167, 2170, 2178, 2187, 2196, 2207, 2221, 2224, 2243, 2247, 2297, 2336, 2351, 2386, 2390, 2403, 2427, 2430, 2432, 2442, 2453, 2484, 2485, 2501, 2522, 2524, 2555, 2560, 2582, 2594, 2610, 2613, 2622, 2633, 2689, 2699, 2715, 2720, 2749, 2789, 2818, 2826, 2836, 2866, 2869, 2874, 2884, 2893, 2896, 2915, 2921, 2932, 2987, 2988, 2996, 3004, 3028, 3032, 3039, 3077, 3108, 3140, 3168, 3188, 3191, 3202, 3206, 3209, 3213, 3237, 3239, 3252, 3254, 3256, 3275, 3307, 3314, 3324, 3340, 3348, 3371, 3384, 3388, 3431, 3486, 3487, 3500, 3505, 3517, 3548, 3555, 3607, 3631, 3643, 3661, 3664, 3669, 3702, 3722, 3767, 3771, 3800, 3804, 3819, 3821, 3846, 3847, 3867, 3924, 3939, 3959, 3965, 3970, 3995, 4004, 4055, 4079, 4093, 4109, 4117, 4134, 4151, 4158, 4161, 4166, 4186, 4196, 4210, 4216, 4226, 4229, 4230, 4240, 4255, 4259, 4274, 4277, 4284, 4308, 4311, 4312, 4334, 4340, 4390, 4406, 4459, 4461, 4465, 4472, 4474, 4489, 4492, 4531, 4541, 4556, 4559, 4567, 4571, 4575, 4600, 4603, 4607, 4609, 4632, 4666, 4676, 4677, 4683, 4690, 4692, 4707, 4712, 4734, 4745, 4750, 4752, 4761, 4769, 4781, 4783, 4786, 4804, 4813, 4819, 4823, 4826, 4836, 4841, 4850, 4853, 4857, 4867, 4872, 4880, 4891, 4893, 4910, 4912, 4925, 4953, 4959, 4962, 4964, 4965, 4972, 4976, 4987, 4993, 4995, 4997, 5001, 5006, 5011, 5013, 5016, 5022, 5040, 5046, 5053, 5069, 5072, 5074, 5076, 5091, 5092, 5096, 5101, 5103, 5107, 5121, 5134, 5147, 5150, 5155, 5156, 5159, 5169, 5174, 5180, 5196, 5200, 5213, 5217, 5233, 5237, 5242, 5250, 5252, 5257, 5265, 5268, 5280, 5283, 5289, 5295, 5312, 5326, 5327, 5329, 5332, 5336, 5339, 5344, 5350, 5361, 5364, 5386, 5390, 5397, 5412, 5414, 5425, 5428, 5433, 5436, 5437, 5440, 5449, 5454, 5457, 5458, 5461, 5462, 5464, 5468, 5476, 5483, 5489, 5502, 5504, 5516, 5524, 5528, 5532, 5547, 5558, 5559, 5561, 5569, 5577, 5592, 5605, 5615, 5625, 5635, 5640, 5645, 5647, 5649, 5669, 5675, 5682, 5684, 5687, 5698, 5711, 5712, 5737, 5741, 5747, 5750, 5754, 5761, 5772, 5774, 5776, 5778, 5787, 5788, 5795, 5804, 5805, 5808, 5811, 5823, 5827, 5832, 5849, 5850, 5865, 5866, 5883, 5885, 5886, 5887, 5895, 5914, 5916, 5921, 5925, 5936, 5943, 5950, 5956, 5964, 5965, 5991, 5993, 6014, 6026, 6028, 6029, 6035, 6041, 6048, 6049, 6051, 6057, 6063, 6066, 6068, 6077, 6086, 6090, 6103, 6105, 6108, 6109, 6117, 6123, 6126, 6129, 6132, 6136, 6137, 6142, 6149, 6162, 6163, 6169, 6173, 6176, 6181, 6192, 6202, 6219, 6226, 6234, 6243, 6248, 6268, 6271, 6273, 6274, 6290, 6293, 6299, 6300, 6306, 6310, 6320, 6323, 6329, 6331, 6342, 6343, 6353, 6355, 6361, 6363, 6367, 6371, 6382, 6389, 6391, 6404, 6407, 6409, 6413, 6429, 6432, 6436, 6438, 6440, 6452, 6453, 6462, 6488, 6497, 6505, 6524, 6525, 6532, 6544, 6547, 6557, 6560, 6565, 6567, 6583, 6595, 6597, 6602, 6608, 6618, 6621, 6633, 6661, 6665, 6681, 6690, 6695, 6703, 6714, 6716, 6726, 6732, 6736, 6738, 6740, 6742, 6744, 6746, 6753, 6755, 6758, 6771, 6781, 6785, 6797, 6803, 6806, 6811, 6822, 6823, 6847, 6849, 6851, 6852, 6869, 6883, 6887, 6907, 6911, 6915, 6917, 6924, 6926, 6937, 6939, 6950, 6955, 6960, 6975, 6986, 6987, 6989, 6991, 6996, 7000, 7002, 7004, 7006, 7019, 7028, 7041, 7046, 7053, 7078, 7082, 7094, 7101, 7112, 7113, 7128, 7134, 7139, 7147, 7148, 7156, 7158, 7159, 7165, 7167, 7192, 7201, 7207, 7218, 7222, 7252, 7256, 7262, 7263, 7269, 7279, 7286, 7288, 7324, 7338, 7344, 7346, 7352, 7363, 7382, 7388, 7398, 7409, 7411, 7414, 7415, 7417, 7418, 7420, 7427, 7430, 7448, 7454, 7463, 7469, 7472, 7481, 7482, 7484, 7488, 7501, 7502, 7503, 7509, 7516, 7517, 7533, 7543, 7551, 7562, 7580, 7582, 7592, 7599, 7605, 7611, 7614, 7619, 7654, 7672, 7675, 7677, 7678, 7691, 7695, 7699, 7700, 7709, 7724, 7732, 7737, 7738, 7741, 7749, 7758, 7762, 7767, 7779, 7783, 7787, 7794, 7803, 7813, 7818, 7820, 7866, 7869, 7870, 7875, 7877, 7885, 7909, 7910, 7911, 7922, 7932, 7944, 7960, 7963, 7996, 7997, 8019, 8030, 8035, 8042, 8050, 8052, 8054, 8058, 8059, 8061, 8062, 8068, 8073, 8075, 8084, 8088, 8095, 8097, 8101, 8102, 8111, 8119, 8121, 8122, 8126, 8131, 8141, 8142, 8152, 8173, 8175, 8178, 8181, 8187, 8196, 8200, 8210, 8218, 8225, 8245, 8253, 8254, 8256, 8262, 8266, 8268, 8273, 8299, 8310, 8328, 8334, 8341, 8354, 8370, 8376, 8383, 8394, 8398, 8402, 8403, 8419, 8436, 8439, 8460, 8470, 8471, 8481, 8497, 8504, 8506, 8542, 8561, 8564, 8565, 8568, 8577, 8578, 8588, 8597, 8605, 8610, 8633, 8636, 8638, 8641, 8655, 8660, 8677, 8695, 8697, 8699, 8708, 8725, 8738, 8745, 8761, 8765, 8790, 8811, 8818, 8820, 8822, 8832, 8856, 8873, 8878, 8880, 8881, 8883, 8884, 8885, 8896, 8902, 8907, 8923, 8927, 8943, 8946, 8949, 8958, 8965, 8976, 8978, 8989, 9003, 9007, 9024, 9026, 9031, 9035, 9058, 9061, 9062, 9063, 9068, 9087, 9122, 9142, 9145, 9148, 9153, 9157, 9173, 9187, 9208, 9232, 9239, 9242, 9244, 9245, 9247, 9266, 9267, 9298, 9308, 9312, 9355, 9386, 9400, 9420, 9432, 9446, 9466, 9481, 9483, 9505, 9512, 9518, 9721, 9728, 9748, 9751, 9790, 9798, 9800, 9805, 9809, 9841, 9846, 9854, 9859, 9868, 9876, 9890, 9892, 9894, 9905, 9910, 9913, 9919, 9922, 9939, 9946, 9960, 9973, 9987, 9993, 9997}

CLUSTER-3 {
[ 51.568075 23.218310 8.070423 6.630282 8.954225 7.883803 8.383803 20.649061 53.529343 44.759390 33.900235 28.483568 17.051643 6.625587 5.057512 15.553991 14.916667 26.731221 39.142019 56.320423 45.402582 12.757042 4.055164 5.460094 15.056338 12.332160 14.363850 25.136150 29.780516 15.704225 6.915493 8.957746 86.731221 28.916667 8.278169 7.809859 12.473005 17.008216 19.000000 43.154930 99.616197 49.115023 19.814554 16.132629 11.788732 9.474178 12.519953 44.271127 15.642019 18.615023 26.473005 57.180751 75.373239 48.362676 14.481221 8.167840 20.674883 13.637324 15.082160 34.147887 62.274648 43.105634 16.720657 14.956573 79.025822 19.532864 7.377934 7.576291 14.183099 24.257042 28.282864 55.259390 89.830986 17.342723 3.156103 2.806338 8.529343 46.685446 88.833333 91.879108 15.530516 4.714789 4.064554 12.617371 55.170188 107.930751 95.007042 32.276995 32.219484 13.490610 8.934272 16.754695 44.231221 58.551643 35.076291 27.374413 25.571596 9.735915 5.495305 6.488263 13.458920 20.666667 20.350939 23.005869 29.835681 9.163146 5.719484 6.671362 16.302817 53.678404 78.269953 47.954225 29.782864 12.470657 7.227700 6.417840 16.811033 59.387324 69.345070 34.612676 35.794601 14.183099 6.847418 6.325117 11.166667 19.359155 19.159624 23.473005 ]
6, 12, 14, 18, 20, 22, 29, 59, 66, 73, 87, 91, 117, 142, 143, 153, 188, 197, 213, 215, 221, 231, 236, 237, 242, 256, 268, 290, 292, 313, 343, 366, 368, 374, 385, 389, 400, 417, 425, 435, 442, 447, 455, 456, 459, 473, 482, 501, 513, 522, 529, 546, 554, 558, 581, 592, 623, 624, 635, 648, 656, 659, 691, 693, 710, 712, 715, 720, 727, 753, 760, 764, 771, 779, 794, 798, 809, 811, 828, 852, 855, 865, 869, 873, 875, 882, 889, 892, 895, 901, 904, 907, 909, 912, 922, 927, 934, 945, 953, 957, 969, 971, 987, 1001, 1008, 1010, 1020, 1021, 1044, 1049, 1057, 1060, 1061, 1077, 1078, 1080, 1107, 1115, 1119, 1124, 1159, 1172, 1181, 1198, 1214, 1216, 1253, 1258, 1263, 1268, 1270, 1275, 1290, 1297, 1300, 1315, 1321, 1330, 1337, 1346, 1352, 1375, 1380, 1394, 1399, 1407, 1409, 1411, 1422, 1441, 1465, 1483, 1512, 1516, 1540, 1543, 1555, 1562, 1569, 1571, 1577, 1580, 1585, 1586, 1593, 1612, 1614, 1630, 1638, 1639, 1643, 1645, 1650, 1656, 1673, 1718, 1720, 1727, 1742, 1747, 1750, 1755, 1771, 1782, 1790, 1809, 1819, 1820, 1839, 1858, 1879, 1883, 1890, 1892, 1904, 1909, 1910, 1914, 1915, 1923, 1951, 1953, 1958, 1962, 1966, 1995, 2008, 2014, 2032, 2046, 2051, 2076, 2084, 2086, 2092, 2095, 2100, 2102, 2122, 2135, 2156, 2186, 2208, 2209, 2223, 2226, 2237, 2248, 2253, 2258, 2267, 2276, 2284, 2289, 2292, 2323, 2332, 2339, 2342, 2360, 2394, 2429, 2445, 2474, 2483, 2488, 2502, 2512, 2519, 2523, 2536, 2542, 2547, 2556, 2558, 2573, 2599, 2600, 2615, 2621, 2655, 2657, 2659, 2669, 2693, 2713, 2721, 2726, 2752, 2758, 2769, 2780, 2781, 2803, 2831, 2847, 2854, 2859, 2863, 2864, 2865, 2873, 2885, 2895, 2911, 2920, 2926, 2931, 2948, 2956, 2985, 2989, 2997, 2999, 3019, 3021, 3033, 3037, 3040, 3050, 3055, 3058, 3072, 3073, 3083, 3090, 3104, 3130, 3147, 3176, 3185, 3189, 3194, 3208, 3218, 3227, 3246, 3253, 3255, 3260, 3271, 3274, 3294, 3306, 3331, 3339, 3341, 3353, 3359, 3369, 3372, 3408, 3416, 3424, 3433, 3435, 3440, 3447, 3462, 3466, 3488, 3494, 3501, 3502, 3509, 3525, 3532, 3564, 3566, 3570, 3576, 3580, 3586, 3596, 3618, 3641, 3673, 3676, 3689, 3690, 3701, 3704, 3707, 3731, 3732, 3739, 3749, 3758, 3765, 3776, 3792, 3818, 3820, 3824, 3845, 3848, 3860, 3877, 3900, 3912, 3922, 3938, 3941, 3957, 3960, 3974, 4006, 4018, 4036, 4040, 4042, 4048, 4078, 4083, 4084, 4087, 4110, 4114, 4118, 4127, 4152, 4167, 4194, 4198, 4207, 4213, 4228, 4233, 4237, 4241, 4258, 4283, 4300, 4303, 4335, 4345, 4359, 4366, 4369, 4391, 4403, 4409, 4433, 4441, 4454, 4499, 4520, 4521, 4536, 4540, 4573, 4602, 4652, 4656, 4674, 4675, 4686, 4693, 4718, 4721, 4735, 4749, 4757, 4768, 4770, 4782, 4788, 4789, 4791, 4809, 4814, 4820, 4834, 4843, 4852, 4865, 4876, 4886, 4894, 4897, 4901, 4919, 4928, 4931, 4941, 4942, 4947, 4961, 4969, 4990, 4994, 5009, 5023, 5029, 5033, 5068, 5073, 5078, 5093, 5102, 5112, 5114, 5118, 5123, 5135, 5136, 5140, 5143, 5146, 5163, 5171, 5194, 5195, 5198, 5205, 5208, 5225, 5230, 5241, 5253, 5266, 5286, 5300, 5328, 5334, 5337, 5342, 5346, 5351, 5381, 5389, 5399, 5404, 5413, 5422, 5438, 5459, 5479, 5486, 5512, 5520, 5521, 5534, 5554, 5571, 5594, 5596, 5609, 5613, 5621, 5646, 5664, 5673, 5697, 5703, 5716, 5717, 5735, 5758, 5770, 5777, 5838, 5848, 5856, 5872, 5888, 5897, 5900, 5906, 5909, 5911, 5917, 5939, 5941, 5946, 5969, 5997, 6007, 6016, 6027, 6033, 6046, 6060, 6069, 6085, 6089, 6097, 6106, 6120, 6135, 6143, 6148, 6172, 6182, 6200, 6223, 6237, 6240, 6255, 6264, 6270, 6304, 6305, 6324, 6325, 6352, 6366, 6379, 6384, 6398, 6402, 6425, 6426, 6435, 6454, 6457, 6463, 6471, 6476, 6493, 6498, 6510, 6521, 6529, 6545, 6546, 6548, 6551, 6553, 6555, 6559, 6563, 6578, 6579, 6610, 6617, 6626, 6662, 6707, 6717, 6718, 6748, 6759, 6772, 6780, 6789, 6801, 6853, 6868, 6871, 6874, 6876, 6889, 6896, 6918, 6944, 6958, 6981, 6994, 7020, 7026, 7045, 7059, 7073, 7136, 7143, 7152, 7210, 7224, 7236, 7241, 7257, 7260, 7280, 7303, 7374, 7381, 7386, 7413, 7428, 7429, 7442, 7450, 7455, 7468, 7474, 7476, 7478, 7497, 7500, 7504, 7512, 7519, 7522, 7529, 7544, 7546, 7550, 7564, 7568, 7571, 7578, 7579, 7585, 7603, 7607, 7618, 7638, 7649, 7655, 7665, 7668, 7674, 7707, 7731, 7754, 7775, 7782, 7799, 7802, 7817, 7854, 7858, 7860, 7865, 7867, 7868, 7884, 7912, 7923, 7924, 7925, 7928, 7938, 7949, 7967, 7972, 7976, 7982, 7990, 8000, 8024, 8025, 8029, 8033, 8034, 8066, 8072, 8077, 8083, 8094, 8098, 8106, 8133, 8137, 8147, 8160, 8169, 8179, 8188, 8198, 8277, 8319, 8329, 8358, 8369, 8374, 8375, 8381, 8395, 8410, 8414, 8415, 8451, 8475, 8476, 8517, 8553, 8563, 8576, 8580, 8592, 8593, 8619, 8624, 8635, 8642, 8647, 8715, 8734, 8748, 8755, 8760, 8764, 8783, 8823, 8829, 8851, 8863, 8886, 8897, 8920, 8960, 8977, 8982, 8985, 8987, 8991, 8992, 9005, 9011, 9017, 9046, 9052, 9060, 9071, 9074, 9082, 9086, 9101, 9109, 9116, 9135, 9146, 9164, 9165, 9181, 9192, 9195, 9215, 9221, 9233, 9240, 9241, 9246, 9256, 9272, 9287, 9301, 9302, 9309, 9311, 9320, 9326, 9330, 9339, 9365, 9377, 9378, 9385, 9419, 9430, 9482, 9488, 9517, 9528, 9562, 9587, 9589, 9688, 9718, 9720, 9723, 9757, 9763, 9769, 9804, 9820, 9847, 9864, 9870, 9872, 9880, 9893, 9921, 9941, 9943, 9944, 9952, 9975, 9979, 9988, 9994}

CLUSTER-4 {
[ 65.699704 14.377219 3.020710 3.773669 7.097633 9.323964 12.112426 31.217456 97.319527 40.585799 13.866864 7.059172 3.894970 3.171598 5.207101 31.251479 19.275148 24.934911 23.082840 14.699704 10.026627 6.806213 4.121302 6.350592 5.063609 10.279586 12.585799 11.362426 11.411243 7.550296 4.193787 3.801775 105.526627 19.806213 3.667160 5.967456 13.381657 14.394970 13.213018 39.616864 129.556213 45.892012 9.159763 3.531065 3.047337 3.846154 6.529586 47.125740 20.137574 18.634615 17.485207 13.198225 15.323964 26.516272 21.428994 8.409763 6.531065 7.476331 9.761834 11.501479 21.452663 38.127219 31.767751 7.860947 97.368343 17.866864 6.963018 7.454142 14.356509 13.022189 11.001479 45.757396 121.584320 16.270710 1.643491 1.415680 3.431953 36.628698 91.427515 99.273669 9.609467 2.501479 2.113905 2.093195 8.670118 109.204142 125.238166 27.960059 12.646450 4.850592 2.102071 2.310651 11.152367 76.069527 104.356509 30.263314 24.971893 9.471893 8.609467 7.906805 12.903846 11.585799 12.841716 22.334320 25.868343 6.455621 6.214497 7.480769 10.702663 44.352071 92.838757 55.331361 10.988166 8.548817 5.764793 4.639053 6.810651 62.902367 96.837278 23.121302 18.837278 11.085799 4.168639 1.754438 3.075444 23.215976 46.282544 21.454142 ]
34, 70, 199, 280, 297, 298, 306, 309, 326, 396, 405, 411, 415, 514, 553, 594, 597, 605, 679, 683, 706, 738, 777, 866, 879, 932, 968, 977, 1002, 1026, 1041, 1082, 1089, 1146, 1191, 1197, 1210, 1222, 1265, 1279, 1304, 1339, 1357, 1361, 1377, 1381, 1478, 1501, 1528, 1551, 1637, 1653, 1655, 1662, 1676, 1698, 1703, 1723, 1725, 1766, 1780, 1821, 1851, 1862, 1876, 1882, 1926, 1946, 1957, 1980, 2013, 2028, 2035, 2049, 2133, 2168, 2171, 2179, 2197, 2225, 2230, 2240, 2244, 2298, 2335, 2387, 2388, 2428, 2433, 2443, 2454, 2521, 2561, 2592, 2609, 2611, 2612, 2632, 2671, 2688, 2698, 2714, 2725, 2772, 2790, 2800, 2827, 2837, 2870, 2892, 2894, 2897, 2957, 2979, 3031, 3107, 3169, 3192, 3203, 3210, 3214, 3236, 3240, 3251, 3265, 3323, 3349, 3385, 3389, 3497, 3504, 3518, 3556, 3608, 3623, 3632, 3642, 3665, 3670, 3703, 3719, 3723, 3766, 3768, 3772, 3801, 3802, 3803, 3866, 3871, 3925, 3937, 4031, 4054, 4108, 4135, 4162, 4187, 4211, 4225, 4275, 4282, 4313, 4341, 4418, 4460, 4462, 4475, 4493, 4532, 4542, 4557, 4566, 4572, 4576, 4608, 4610, 4628, 4633, 4667, 4671, 4678, 4684, 4691, 4708, 4753, 4762, 4805, 4832, 4837, 4844, 4848, 4851, 4858, 4866, 4881, 4882, 4892, 4900, 4911, 4960, 4966, 4973, 5002, 5005, 5012, 5017, 5025, 5045, 5054, 5055, 5075, 5097, 5104, 5108, 5122, 5128, 5148, 5154, 5160, 5161, 5168, 5173, 5179, 5197, 5201, 5214, 5218, 5234, 5236, 5238, 5243, 5251, 5258, 5264, 5267, 5281, 5288, 5290, 5296, 5311, 5330, 5335, 5338, 5353, 5362, 5363, 5387, 5391, 5398, 5426, 5427, 5434, 5435, 5439, 5441, 5452, 5453, 5455, 5460, 5463, 5465, 5469, 5477, 5484, 5488, 5495, 5503, 5525, 5529, 5533, 5546, 5549, 5551, 5557, 5578, 5593, 5606, 5616, 5636, 5641, 5648, 5650, 5670, 5676, 5683, 5704, 5713, 5738, 5742, 5746, 5751, 5755, 5762, 5773, 5775, 5779, 5785, 5786, 5789, 5791, 5796, 5803, 5806, 5807, 5812, 5824, 5828, 5861, 5864, 5884, 5913, 5922, 5926, 5938, 5942, 5951, 5957, 5963, 5986, 5990, 5992, 5994, 6015, 6030, 6036, 6042, 6047, 6050, 6052, 6058, 6076, 6104, 6118, 6124, 6125, 6138, 6145, 6164, 6170, 6177, 6193, 6203, 6218, 6227, 6235, 6249, 6265, 6269, 6272, 6289, 6294, 6301, 6307, 6311, 6322, 6328, 6330, 6332, 6335, 6344, 6351, 6356, 6362, 6364, 6372, 6381, 6388, 6405, 6408, 6410, 6414, 6430, 6431, 6437, 6439, 6441, 6489, 6504, 6561, 6566, 6582, 6589, 6596, 6598, 6603, 6609, 6619, 6622, 6632, 6634, 6644, 6666, 6682, 6691, 6696, 6704, 6715, 6722, 6727, 6733, 6735, 6739, 6741, 6743, 6745, 6747, 6754, 6756, 6757, 6782, 6786, 6788, 6804, 6805, 6812, 6813, 6824, 6826, 6848, 6854, 6870, 6884, 6888, 6899, 6906, 6908, 6912, 6916, 6925, 6927, 6938, 6940, 6951, 6954, 6961, 6977, 6985, 6988, 6990, 6997, 7001, 7003, 7005, 7007, 7029, 7032, 7042, 7054, 7079, 7083, 7095, 7109, 7121, 7138, 7140, 7157, 7160, 7168, 7191, 7193, 7200, 7208, 7219, 7223, 7253, 7258, 7261, 7270, 7339, 7345, 7347, 7360, 7410, 7412, 7416, 7419, 7421, 7431, 7458, 7464, 7473, 7480, 7483, 7485, 7487, 7515, 7565, 7581, 7583, 7593, 7598, 7612, 7644, 7673, 7676, 7679, 7696, 7697, 7717, 7725, 7739, 7745, 7748, 7759, 7763, 7766, 7772, 7785, 7795, 7811, 7812, 7819, 7821, 7823, 7871, 7876, 7878, 7905, 7921, 7933, 7945, 7956, 7961, 7964, 7998, 8004, 8020, 8026, 8032, 8036, 8039, 8040, 8041, 8051, 8053, 8055, 8060, 8063, 8076, 8089, 8096, 8100, 8103, 8109, 8110, 8112, 8120, 8123, 8127, 8153, 8182, 8186, 8197, 8201, 8226, 8243, 8244, 8246, 8249, 8255, 8257, 8261, 8267, 8269, 8288, 8300, 8335, 8342, 8343, 8355, 8359, 8377, 8396, 8404, 8420, 8440, 8455, 8472, 8482, 8493, 8498, 8505, 8528, 8534, 8541, 8562, 8566, 8598, 8599, 8606, 8609, 8634, 8639, 8661, 8678, 8698, 8700, 8703, 8704, 8726, 8730, 8739, 8742, 8746, 8770, 8777, 8788, 8789, 8791, 8802, 8807, 8812, 8819, 8821, 8826, 8874, 8879, 8882, 8903, 8908, 8928, 8950, 8959, 8964, 8975, 8979, 8988, 9008, 9023, 9025, 9027, 9036, 9043, 9059, 9069, 9121, 9156, 9174, 9188, 9203, 9248, 9268, 9297, 9313, 9315, 9316, 9327, 9407, 9433, 9467, 9484, 9485, 9722, 9740, 9749, 9799, 9801, 9810, 9842, 9855, 9860, 9869, 9875, 9877, 9891, 9895, 9911, 9914, 9940, 9947, 9961, 9974, 9998}

CLUSTER-5 {
[ 27.214866 21.700812 12.195503 8.604622 8.930668 6.517177 5.924422 11.019363 25.861337 54.284197 78.102436 34.764522 11.660837 5.959400 5.446596 8.209244 15.043098 32.153654 83.754528 53.367270 11.206746 5.547158 6.322299 9.833229 13.843848 17.493442 28.993754 25.668957 10.179888 5.444722 6.177389 9.915678 93.697689 32.504685 8.721424 7.655215 10.229232 9.210493 9.653966 30.648969 110.919425 88.951905 76.311056 27.707058 4.725796 2.986883 3.968145 29.314179 9.871330 31.286696 97.851343 90.190506 40.483448 20.164272 8.217364 4.917552 9.083073 14.733292 38.137414 64.234853 51.133666 24.128670 10.327920 7.327295 91.993754 18.742036 9.123673 9.626483 11.196752 8.179263 7.808245 40.167395 115.680824 20.482199 4.314803 2.751405 5.540287 27.472205 58.873829 99.500937 10.089319 4.183011 6.990631 16.844472 43.907558 98.639600 90.206121 27.238601 10.476577 7.197377 8.225484 19.655840 49.829482 69.109931 41.191755 16.400999 29.798876 11.424735 8.199250 8.207370 9.354154 6.394129 8.274204 21.079950 37.872580 9.047470 5.294816 6.372267 11.640849 32.370394 65.927545 62.866334 11.141786 7.560275 6.520924 6.639600 17.440350 65.438476 73.927545 26.474703 13.420987 8.241099 6.693941 5.288570 10.337914 25.324172 25.966271 16.618988 ]
1, 2, 3, 4, 5, 7, 8, 9, 10, 11, 13, 15, 19, 30, 31, 32, 53, 54, 55, 56, 57, 58, 60, 61, 62, 63, 67, 72, 74, 75, 76, 78, 79, 80, 86, 90, 92, 93, 101, 102, 104, 105, 106, 111, 113, 114, 115, 116, 118, 119, 120, 135, 141, 158, 159, 160, 162, 163, 164, 165, 166, 167, 168, 169, 176, 180, 182, 183, 187, 190, 196, 203, 204, 205, 206, 207, 209, 212, 222, 235, 238, 243, 247, 248, 252, 253, 254, 258, 279, 291, 308, 312, 327, 332, 333, 334, 335, 336, 352, 353, 354, 356, 357, 358, 359, 360, 367, 381, 384, 416, 418, 432, 433, 444, 454, 457, 462, 475, 481, 491, 492, 499, 515, 516, 519, 520, 521, 528, 534, 535, 544, 548, 549, 550, 551, 555, 556, 557, 559, 562, 563, 573, 575, 576, 577, 582, 586, 589, 590, 591, 595, 608, 609, 619, 620, 621, 633, 634, 641, 650, 653, 654, 655, 658, 675, 689, 690, 701, 709, 719, 723, 725, 733, 751, 752, 754, 766, 767, 785, 803, 810, 814, 815, 821, 830, 831, 832, 867, 872, 877, 878, 880, 881, 888, 891, 903, 919, 928, 935, 946, 952, 959, 961, 962, 963, 972, 975, 986, 994, 1004, 1009, 1011, 1014, 1015, 1023, 1024, 1043, 1048, 1056, 1067, 1068, 1084, 1099, 1105, 1106, 1123, 1129, 1136, 1137, 1154, 1161, 1169, 1171, 1178, 1179, 1180, 1208, 1215, 1224, 1225, 1226, 1234, 1235, 1248, 1252, 1261, 1271, 1274, 1276, 1277, 1289, 1314, 1322, 1332, 1336, 1344, 1349, 1358, 1359, 1360, 1372, 1373, 1376, 1393, 1398, 1400, 1414, 1419, 1421, 1423, 1424, 1425, 1437, 1440, 1442, 1443, 1450, 1452, 1456, 1466, 1467, 1472, 1474, 1484, 1525, 1526, 1527, 1531, 1546, 1547, 1548, 1561, 1563, 1570, 1587, 1591, 1596, 1602, 1613, 1622, 1641, 1648, 1649, 1659, 1660, 1661, 1674, 1682, 1692, 1693, 1719, 1726, 1731, 1733, 1734, 1744, 1745, 1748, 1749, 1781, 1791, 1793, 1798, 1805, 1814, 1818, 1824, 1826, 1827, 1837, 1845, 1859, 1861, 1872, 1873, 1889, 1891, 1903, 1908, 1916, 1960, 1961, 1965, 2033, 2038, 2059, 2063, 2071, 2072, 2073, 2085, 2121, 2142, 2146, 2147, 2185, 2189, 2195, 2210, 2211, 2216, 2222, 2228, 2231, 2252, 2256, 2257, 2269, 2270, 2291, 2322, 2324, 2333, 2334, 2341, 2375, 2402, 2404, 2423, 2424, 2426, 2460, 2462, 2463, 2467, 2468, 2481, 2482, 2486, 2487, 2520, 2535, 2548, 2549, 2552, 2553, 2557, 2559, 2564, 2596, 2597, 2616, 2637, 2638, 2641, 2654, 2656, 2658, 2661, 2670, 2676, 2680, 2708, 2709, 2710, 2768, 2787, 2791, 2804, 2828, 2832, 2858, 2875, 2877, 2913, 2916, 2917, 2918, 2919, 2927, 2941, 2942, 2980, 2981, 2983, 2984, 2994, 3001, 3011, 3023, 3034, 3036, 3045, 3046, 3047, 3049, 3051, 3052, 3054, 3064, 3071, 3086, 3092, 3093, 3129, 3141, 3151, 3164, 3165, 3177, 3193, 3207, 3217, 3259, 3279, 3280, 3326, 3327, 3335, 3338, 3358, 3376, 3377, 3378, 3383, 3403, 3404, 3421, 3434, 3439, 3446, 3465, 3468, 3469, 3470, 3479, 3484, 3485, 3503, 3520, 3524, 3542, 3543, 3545, 3546, 3547, 3565, 3572, 3581, 3594, 3598, 3599, 3600, 3601, 3603, 3633, 3652, 3662, 3666, 3667, 3671, 3672, 3674, 3675, 3691, 3706, 3709, 3730, 3742, 3748, 3755, 3756, 3764, 3786, 3791, 3817, 3822, 3823, 3825, 3844, 3876, 3890, 3892, 3913, 3930, 3962, 3963, 3979, 3980, 3981, 3989, 4005, 4041, 4043, 4072, 4080, 4081, 4094, 4106, 4116, 4150, 4156, 4168, 4173, 4190, 4191, 4206, 4222, 4260, 4268, 4278, 4279, 4305, 4309, 4310, 4314, 4316, 4317, 4319, 4328, 4329, 4347, 4348, 4355, 4358, 4365, 4368, 4389, 4392, 4394, 4395, 4396, 4400, 4401, 4402, 4408, 4417, 4435, 4458, 4463, 4464, 4466, 4469, 4470, 4473, 4477, 4478, 4479, 4480, 4481, 4484, 4485, 4490, 4491, 4496, 4497, 4501, 4504, 4505, 4506, 4507, 4508, 4509, 4510, 4511, 4512, 4513, 4519, 4535, 4537, 4538, 4539, 4548, 4549, 4553, 4554, 4555, 4558, 4560, 4561, 4562, 4563, 4568, 4569, 4570, 4577, 4578, 4582, 4583, 4584, 4585, 4586, 4587, 4590, 4591, 4592, 4593, 4594, 4595, 4596, 4597, 4601, 4604, 4605, 4606, 4614, 4621, 4622, 4623, 4624, 4625, 4626, 4630, 4631, 4634, 4635, 4636, 4637, 4640, 4641, 4642, 4646, 4647, 4648, 4651, 4655, 4657, 4658, 4660, 4661, 4662, 4663, 4664, 4665, 4668, 4669, 4670, 4672, 4673, 4679, 4680, 4681, 4682, 4685, 4688, 4689, 4694, 4695, 4698, 4699, 4700, 4701, 4702, 4703, 4704, 4705, 4706, 4709, 4710, 4711, 4713, 4714, 4715, 4716, 4717, 4719, 4720, 4722, 4725, 4726, 4727, 4728, 4729, 4730, 4731, 4737, 4738, 4739, 4740, 4741, 4742, 4743, 4744, 4754, 4755, 4763, 4764, 4765, 4766, 4767, 4771, 4776, 4777, 4778, 4779, 4780, 4784, 4785, 4793, 4794, 4795, 4796, 4797, 4798, 4803, 4806, 4807, 4808, 4811, 4812, 4817, 4818, 4821, 4822, 4824, 4827, 4828, 4829, 4830, 4831, 4833, 4835, 4840, 4842, 4845, 4849, 4854, 4855, 4856, 4861, 4862, 4863, 4864, 4871, 4873, 4874, 4875, 4877, 4878, 4884, 4885, 4888, 4889, 4899, 4902, 4903, 4904, 4905, 4906, 4907, 4908, 4915, 4916, 4918, 4926, 4930, 4932, 4934, 4935, 4943, 4946, 4949, 4951, 4952, 4954, 4957, 4958, 4963, 4977, 4979, 4981, 4982, 4983, 4989, 4992, 4996, 5000, 5003, 5004, 5007, 5008, 5018, 5019, 5024, 5026, 5027, 5030, 5031, 5032, 5037, 5042, 5043, 5044, 5047, 5048, 5052, 5056, 5057, 5058, 5062, 5063, 5064, 5065, 5077, 5079, 5083, 5084, 5085, 5086, 5087, 5088, 5089, 5090, 5109, 5111, 5117, 5124, 5130, 5132, 5133, 5137, 5138, 5139, 5145, 5158, 5162, 5165, 5166, 5170, 5172, 5177, 5178, 5183, 5184, 5187, 5206, 5207, 5209, 5210, 5215, 5216, 5220, 5221, 5222, 5224, 5226, 5229, 5235, 5244, 5245, 5247, 5260, 5261, 5273, 5274, 5279, 5282, 5287, 5294, 5301, 5302, 5303, 5304, 5320, 5321, 5322, 5325, 5331, 5340, 5343, 5345, 5354, 5355, 5357, 5358, 5365, 5368, 5373, 5374, 5379, 5380, 5382, 5388, 5403, 5405, 5407, 5408, 5409, 5415, 5418, 5420, 5430, 5431, 5432, 5470, 5471, 5478, 5485, 5487, 5492, 5494, 5497, 5501, 5510, 5511, 5513, 5515, 5519, 5522, 5523, 5526, 5527, 5535, 5540, 5541, 5542, 5543, 5550, 5555, 5556, 5560, 5567, 5568, 5579, 5588, 5589, 5595, 5597, 5602, 5610, 5611, 5612, 5619, 5620, 5627, 5628, 5629, 5630, 5633, 5634, 5643, 5644, 5651, 5652, 5653, 5654, 5665, 5667, 5674, 5702, 5707, 5710, 5714, 5715, 5719, 5720, 5721, 5729, 5730, 5731, 5732, 5733, 5734, 5745, 5748, 5749, 5759, 5760, 5768, 5769, 5771, 5783, 5784, 5790, 5799, 5820, 5821, 5833, 5834, 5835, 5837, 5847, 5851, 5855, 5859, 5860, 5862, 5863, 5871, 5873, 5878, 5879, 5880, 5896, 5899, 5903, 5904, 5905, 5908, 5910, 5912, 5937, 5944, 5945, 5949, 5960, 5966, 5970, 5971, 5977, 5978, 5979, 5981, 5989, 5998, 6006, 6008, 6009, 6021, 6024, 6025, 6032, 6084, 6088, 6096, 6107, 6110, 6130, 6131, 6150, 6151, 6171, 6180, 6188, 6201, 6206, 6215, 6216, 6217, 6230, 6231, 6236, 6238, 6241, 6251, 6260, 6261, 6263, 6266, 6267, 6275, 6276, 6277, 6298, 6303, 6315, 6319, 6321, 6336, 6339, 6340, 6347, 6348, 6349, 6354, 6365, 6373, 6378, 6380, 6383, 6401, 6403, 6415, 6416, 6417, 6424, 6434, 6447, 6448, 6449, 6456, 6478, 6479, 6490, 6491, 6492, 6501, 6502, 6503, 6506, 6507, 6511, 6518, 6526, 6527, 6528, 6552, 6558, 6584, 6585, 6605, 6606, 6628, 6635, 6641, 6642, 6648, 6656, 6657, 6680, 6684, 6701, 6702, 6737, 6766, 6773, 6774, 6779, 6784, 6802, 6814, 6815, 6817, 6825, 6827, 6828, 6839, 6840, 6866, 6867, 6873, 6875, 6877, 6892, 6895, 6910, 6919, 6920, 6923, 6930, 6931, 6932, 6933, 6934, 6943, 6952, 6953, 6976, 7008, 7015, 7018, 7023, 7040, 7047, 7048, 7049, 7050, 7051, 7060, 7072, 7100, 7118, 7124, 7125, 7126, 7127, 7135, 7145, 7146, 7150, 7154, 7155, 7166, 7177, 7182, 7183, 7184, 7216, 7264, 7265, 7268, 7291, 7292, 7298, 7308, 7309, 7310, 7311, 7312, 7327, 7328, 7329, 7330, 7331, 7348, 7351, 7365, 7373, 7399, 7400, 7422, 7423, 7434, 7444, 7449, 7457, 7459, 7465, 7477, 7479, 7491, 7494, 7495, 7496, 7518, 7549, 7566, 7573, 7574, 7575, 7577, 7589, 7590, 7594, 7602, 7606, 7615, 7617, 7642, 7643, 7663, 7687, 7688, 7690, 7726, 7740, 7744, 7750, 7753, 7765, 7773, 7778, 7784, 7788, 7801, 7805, 7806, 7807, 7816, 7822, 7829, 7840, 7843, 7844, 7845, 7850, 7851, 7859, 7886, 7887, 7899, 7906, 7907, 7908, 7920, 7940, 7941, 7948, 7950, 7966, 7974, 7975, 7981, 8003, 8037, 8047, 8048, 8079, 8105, 8132, 8136, 8146, 8156, 8159, 8168, 8170, 8172, 8174, 8176, 8177, 8189, 8190, 8191, 8215, 8216, 8217, 8223, 8230, 8231, 8240, 8264, 8265, 8271, 8301, 8302, 8309, 8327, 8336, 8337, 8338, 8339, 8340, 8363, 8373, 8382, 8392, 8393, 8399, 8407, 8442, 8443, 8444, 8445, 8452, 8453, 8458, 8468, 8469, 8500, 8502, 8503, 8519, 8520, 8521, 8523, 8540, 8550, 8554, 8556, 8558, 8567, 8589, 8590, 8600, 8612, 8613, 8623, 8631, 8646, 8649, 8650, 8651, 8662, 8664, 8665, 8672, 8680, 8682, 8683, 8684, 8696, 8705, 8707, 8712, 8714, 8719, 8721, 8722, 8723, 8733, 8737, 8762, 8763, 8771, 8778, 8785, 8786, 8795, 8798, 8803, 8804, 8816, 8828, 8840, 8852, 8855, 8862, 8866, 8867, 8891, 8895, 8898, 8899, 8901, 8911, 8913, 8914, 8915, 8916, 8919, 8921, 8937, 8972, 8973, 8974, 8981, 8983, 8990, 8996, 8997, 9004, 9006, 9014, 9019, 9020, 9040, 9041, 9042, 9047, 9085, 9095, 9096, 9097, 9103, 9104, 9106, 9108, 9115, 9144, 9171, 9185, 9186, 9209, 9210, 9217, 9253, 9257, 9258, 9259, 9265, 9270, 9299, 9305, 9310, 9325, 9329, 9333, 9334, 9337, 9342, 9346, 9350, 9356, 9357, 9362, 9383, 9384, 9397, 9398, 9399, 9413, 9415, 9416, 9417, 9418, 9421, 9434, 9445, 9458, 9459, 9465, 9474, 9499, 9506, 9513, 9522, 9523, 9525, 9529, 9530, 9531, 9547, 9548, 9549, 9556, 9559, 9560, 9561, 9563, 9586, 9588, 9590, 9597, 9601, 9602, 9610, 9611, 9612, 9616, 9618, 9619, 9623, 9624, 9629, 9657, 9669, 9696, 9697, 9698, 9701, 9707, 9708, 9717, 9729, 9752, 9758, 9762, 9768, 9770, 9772, 9792, 9793, 9797, 9813, 9817, 9818, 9819, 9821, 9822, 9856, 9863, 9871, 9882, 9883, 9885, 9900, 9920, 9932, 9948, 9951, 9953, 9956, 9959, 9964, 9976, 9986}

CLUSTER-6 {
[ 25.660750 22.881657 23.531558 23.479290 14.584813 6.582840 4.923077 10.764300 40.972387 57.103550 68.106509 49.303748 14.371795 5.432939 4.698225 12.359961 34.994083 39.160750 58.297830 62.980276 24.491124 6.349112 5.371795 13.826430 37.201183 21.818540 16.369822 19.068047 13.553254 6.557199 5.771203 15.967456 65.607495 51.337278 36.252465 26.682446 15.511834 7.911243 8.986193 24.768245 82.087771 85.214004 72.887574 41.464497 11.051282 4.097633 6.127219 27.740631 22.990138 31.402367 66.888560 97.142012 73.929980 17.540434 5.315582 8.654832 43.020710 23.980276 24.637081 41.995069 42.076923 17.434911 10.328402 22.380671 67.800789 27.791913 18.491124 18.357988 16.428008 15.436884 20.535503 43.015779 85.945759 29.062130 12.683432 9.529586 13.431953 24.502959 44.590730 77.142012 20.499014 6.895464 10.070020 38.049310 85.077909 71.604536 42.719921 31.137081 34.664694 13.434911 13.821499 30.721893 51.907298 31.567061 19.596647 29.395464 30.207101 9.500000 6.601578 9.912229 14.732742 13.972387 16.881657 26.811637 43.506903 9.214004 5.098619 9.152860 18.964497 34.553254 51.801775 59.015779 21.321499 5.499014 4.080868 11.281065 39.490138 60.408284 54.322485 40.030572 24.766272 7.832347 5.466469 11.406312 22.747535 19.554241 18.537475 25.236686 ]
17, 28, 33, 51, 52, 64, 65, 83, 89, 112, 144, 154, 161, 179, 181, 184, 202, 208, 224, 246, 251, 257, 259, 267, 269, 270, 274, 275, 278, 295, 305, 307, 321, 324, 325, 355, 373, 378, 379, 380, 386, 387, 388, 391, 392, 399, 427, 430, 434, 443, 448, 458, 460, 461, 467, 474, 476, 500, 547, 585, 622, 636, 637, 640, 649, 651, 652, 660, 692, 702, 708, 716, 726, 728, 729, 730, 731, 745, 746, 759, 768, 775, 776, 784, 797, 825, 829, 833, 837, 838, 846, 853, 856, 857, 861, 868, 874, 876, 893, 894, 896, 899, 900, 902, 905, 906, 918, 921, 936, 937, 938, 956, 964, 966, 967, 973, 974, 992, 993, 1007, 1019, 1022, 1040, 1047, 1055, 1062, 1064, 1079, 1083, 1085, 1104, 1114, 1116, 1122, 1134, 1135, 1138, 1153, 1158, 1160, 1170, 1174, 1199, 1207, 1217, 1218, 1223, 1232, 1233, 1259, 1264, 1285, 1286, 1298, 1305, 1317, 1331, 1345, 1350, 1351, 1365, 1366, 1374, 1392, 1395, 1396, 1397, 1405, 1408, 1410, 1412, 1413, 1420, 1426, 1432, 1435, 1436, 1438, 1457, 1473, 1481, 1482, 1496, 1508, 1509, 1515, 1530, 1549, 1556, 1560, 1568, 1576, 1582, 1583, 1584, 1588, 1589, 1590, 1592, 1595, 1604, 1623, 1631, 1644, 1651, 1657, 1658, 1671, 1691, 1721, 1722, 1730, 1732, 1735, 1743, 1756, 1768, 1769, 1770, 1783, 1792, 1799, 1804, 1810, 1811, 1815, 1823, 1828, 1829, 1860, 1865, 1871, 1878, 1884, 1901, 1902, 1905, 1911, 1912, 1913, 1920, 1924, 1932, 1933, 1959, 1969, 1976, 1977, 1978, 2009, 2010, 2011, 2017, 2018, 2021, 2050, 2052, 2077, 2083, 2093, 2094, 2103, 2123, 2127, 2134, 2136, 2143, 2157, 2191, 2217, 2218, 2227, 2234, 2236, 2249, 2283, 2288, 2299, 2306, 2317, 2318, 2325, 2326, 2327, 2340, 2343, 2344, 2354, 2365, 2366, 2367, 2368, 2378, 2400, 2401, 2422, 2425, 2444, 2461, 2471, 2480, 2500, 2511, 2518, 2529, 2537, 2538, 2541, 2545, 2546, 2550, 2551, 2563, 2569, 2581, 2586, 2587, 2593, 2595, 2598, 2601, 2620, 2623, 2624, 2653, 2660, 2662, 2663, 2668, 2681, 2682, 2692, 2704, 2705, 2712, 2724, 2727, 2729, 2753, 2778, 2779, 2788, 2809, 2810, 2812, 2813, 2814, 2815, 2819, 2829, 2830, 2833, 2834, 2835, 2839, 2848, 2855, 2857, 2861, 2862, 2903, 2904, 2905, 2912, 2947, 2949, 2950, 2951, 2952, 2955, 2964, 2978, 2982, 2998, 3000, 3007, 3008, 3012, 3015, 3016, 3022, 3035, 3038, 3053, 3059, 3074, 3087, 3088, 3089, 3091, 3094, 3095, 3096, 3105, 3106, 3128, 3146, 3160, 3161, 3178, 3179, 3184, 3195, 3216, 3232, 3233, 3257, 3258, 3261, 3273, 3278, 3281, 3282, 3291, 3304, 3311, 3312, 3330, 3333, 3334, 3352, 3370, 3373, 3374, 3375, 3432, 3436, 3445, 3452, 3457, 3463, 3464, 3480, 3493, 3508, 3519, 3523, 3533, 3571, 3575, 3577, 3585, 3587, 3593, 3595, 3602, 3604, 3617, 3640, 3644, 3648, 3651, 3658, 3659, 3663, 3668, 3705, 3708, 3724, 3726, 3727, 3728, 3729, 3733, 3740, 3750, 3757, 3761, 3763, 3769, 3775, 3779, 3780, 3781, 3782, 3787, 3799, 3805, 3828, 3831, 3861, 3882, 3901, 3928, 3931, 3932, 3940, 3946, 3954, 3956, 3961, 3964, 3973, 3984, 3985, 3987, 3988, 4012, 4013, 4017, 4027, 4030, 4032, 4033, 4044, 4046, 4047, 4071, 4077, 4082, 4085, 4086, 4091, 4092, 4107, 4111, 4115, 4121, 4122, 4128, 4148, 4149, 4154, 4155, 4157, 4195, 4197, 4199, 4201, 4204, 4205, 4212, 4219, 4227, 4232, 4236, 4261, 4266, 4267, 4288, 4304, 4318, 4330, 4331, 4332, 4333, 4338, 4339, 4346, 4349, 4350, 4352, 4353, 4354, 4393, 4404, 4405, 4407, 4410, 4411, 4434, 4440, 4452, 4453, 4471, 4500, 4522, 4543, 4544, 4546, 4547, 4574, 4588, 4589, 4615, 4616, 4617, 4618, 4627, 4638, 4639, 4659, 4736, 4756, 4758, 4774, 4787, 4790, 4792, 4846, 4847, 4868, 4879, 4887, 4890, 4898, 4909, 4914, 4917, 4927, 4929, 4933, 4940, 4945, 4948, 4950, 4970, 4971, 4974, 4978, 4985, 4986, 4988, 4991, 5010, 5014, 5015, 5028, 5034, 5051, 5061, 5070, 5071, 5113, 5125, 5129, 5131, 5144, 5157, 5164, 5167, 5176, 5219, 5240, 5246, 5248, 5249, 5254, 5293, 5297, 5298, 5316, 5333, 5352, 5366, 5369, 5370, 5371, 5372, 5396, 5402, 5406, 5419, 5424, 5442, 5482, 5493, 5530, 5531, 5544, 5562, 5572, 5573, 5576, 5580, 5586, 5587, 5614, 5622, 5626, 5639, 5695, 5701, 5718, 5757, 5792, 5822, 5836, 5889, 5898, 5930, 5940, 5947, 5948, 5958, 5959, 5961, 5980, 5985, 6017, 6031, 6034, 6059, 6091, 6119, 6133, 6134, 6144, 6165, 6187, 6222, 6239, 6254, 6259, 6262, 6278, 6279, 6280, 6302, 6308, 6309, 6341, 6350, 6369, 6390, 6399, 6420, 6423, 6428, 6477, 6485, 6508, 6509, 6549, 6554, 6556, 6562, 6604, 6607, 6611, 6616, 6620, 6625, 6643, 6645, 6658, 6694, 6719, 6787, 6795, 6796, 6816, 6872, 6878, 6879, 6885, 6886, 6903, 6904, 6909, 6956, 6957, 6959, 6963, 6964, 6980, 6995, 7024, 7025, 7033, 7036, 7137, 7144, 7149, 7153, 7169, 7187, 7188, 7205, 7206, 7211, 7217, 7237, 7238, 7242, 7259, 7302, 7332, 7355, 7362, 7364, 7372, 7387, 7401, 7432, 7435, 7436, 7437, 7443, 7447, 7451, 7456, 7466, 7467, 7475, 7486, 7493, 7498, 7499, 7510, 7511, 7513, 7514, 7523, 7530, 7541, 7545, 7554, 7556, 7559, 7563, 7567, 7570, 7586, 7604, 7616, 7631, 7639, 7664, 7680, 7682, 7689, 7698, 7701, 7720, 7721, 7733, 7734, 7751, 7764, 7780, 7789, 7790, 7798, 7891, 7927, 7936, 7939, 7946, 7947, 7965, 7973, 7983, 7989, 7995, 7999, 8005, 8006, 8016, 8031, 8038, 8049, 8071, 8078, 8092, 8093, 8099, 8130, 8138, 8171, 8180, 8183, 8184, 8227, 8263, 8276, 8286, 8287, 8291, 8303, 8308, 8311, 8330, 8331, 8332, 8333, 8349, 8356, 8357, 8364, 8365, 8380, 8389, 8401, 8416, 8417, 8418, 8450, 8459, 8465, 8466, 8467, 8474, 8477, 8501, 8507, 8527, 8539, 8551, 8552, 8557, 8579, 8581, 8591, 8594, 8618, 8630, 8632, 8645, 8663, 8673, 8679, 8685, 8713, 8724, 8747, 8751, 8756, 8757, 8758, 8759, 8779, 8780, 8784, 8787, 8794, 8815, 8827, 8833, 8839, 8853, 8875, 8894, 8904, 8912, 8936, 8951, 8980, 8984, 8986, 9010, 9013, 9018, 9032, 9045, 9048, 9051, 9054, 9055, 9077, 9078, 9079, 9102, 9105, 9107, 9110, 9117, 9134, 9136, 9147, 9154, 9155, 9166, 9172, 9182, 9191, 9211, 9216, 9220, 9231, 9243, 9252, 9254, 9255, 9271, 9288, 9293, 9306, 9307, 9314, 9317, 9319, 9321, 9349, 9358, 9366, 9387, 9401, 9414, 9431, 9441, 9460, 9464, 9487, 9495, 9570, 9617, 9625, 9687, 9689, 9699, 9700, 9719, 9767, 9771, 9773, 9774, 9789, 9848, 9881, 9884, 9896, 9942, 9945, 9980, 9983}

