Algorithm: Range Search LSH
CLUSTER-1 {size: 971
[ 20.443532 18.219713 10.049281 3.087269 2.964066 22.481520 42.343943 20.421971 13.666324 16.871663 12.361396 6.184805 7.736140 58.362423 94.991786 22.202259 23.116016 9.442505 8.162218 9.515400 14.861396 42.463039 92.863450 49.525667 25.428131 9.943532 8.311088 10.172485 10.863450 10.309035 13.745380 23.016427 14.633470 9.282341 4.960986 4.043121 12.452772 81.921971 96.588296 24.645791 8.985626 4.165298 3.079055 3.857290 10.209446 103.296715 122.376797 25.446612 111.065708 13.218686 2.374743 2.334702 3.750513 32.406571 93.219713 101.667351 97.847023 17.012320 8.194045 11.083162 14.556468 11.151951 10.708419 52.595483 7.944559 7.832649 12.113963 13.836756 20.319302 41.953799 32.484600 10.237166 15.634497 12.488706 17.226899 20.249487 19.042094 26.491786 20.226899 9.985626 122.468172 38.650924 8.417864 5.577002 4.442505 4.911704 6.665298 46.539014 108.635524 21.220739 4.695072 7.281314 14.543121 17.125257 12.491786 43.158111 6.657084 8.488706 11.356263 10.915811 10.725873 9.008214 5.924025 6.191992 16.697125 17.997947 19.545175 18.688912 14.660164 7.890144 6.244353 8.247433 94.083162 40.856263 13.928131 8.330595 7.098563 5.964066 6.728953 25.032854 70.998973 18.580082 3.057495 3.610883 9.355236 12.839836 12.594456 27.091376 ]
}
CLUSTER-2 {size: 2676
[ 45.833025 20.673809 8.609161 7.725526 8.881419 7.746952 8.399704 19.622460 58.131141 50.526782 43.152937 27.058737 11.558182 5.324714 5.102697 17.418914 18.437385 28.987440 48.591060 48.725896 25.384559 8.531585 4.820835 7.888068 14.622091 13.825637 18.134836 21.981899 18.217215 9.456594 5.859254 8.662726 90.547839 29.588105 9.937569 9.880680 12.805689 13.024751 13.459549 35.649058 110.727004 63.656446 34.188400 18.793498 7.790912 5.590321 7.966014 39.512375 16.855929 22.812708 45.173255 59.991504 51.327669 31.149982 13.795345 7.997414 16.723310 12.775767 19.882896 37.004064 47.240857 33.929073 18.359438 12.512006 83.302180 19.029922 8.919837 9.480606 14.084226 16.489472 17.828223 47.007388 103.845586 18.527521 4.142963 3.214629 6.480975 37.028445 81.820465 96.597340 12.821574 4.196528 4.590691 13.040635 41.945696 103.944219 101.530477 30.210935 21.302549 8.967492 6.756188 13.769487 37.241965 64.539342 55.064647 26.234577 23.454008 9.109716 6.811969 7.906169 12.817880 14.575545 15.726265 22.087181 27.135205 7.482453 5.665312 7.057998 13.327669 43.929812 80.453639 54.483931 18.572959 9.413373 6.536387 5.876616 13.434799 61.866273 80.452900 30.263022 24.004433 11.101219 5.980052 4.998892 8.695604 21.316217 28.698559 21.811600 ]
}
CLUSTER-3 {size: 1324
[ 7.926756 5.627803 4.847534 10.131540 14.434230 11.310912 9.644993 10.286248 25.235426 7.539611 5.206278 9.316143 18.428999 16.814649 17.899851 27.305680 96.363229 18.994768 8.499253 9.807175 7.147982 5.452167 11.333333 59.762332 54.479821 17.230942 12.802691 18.260837 12.349776 4.355007 3.346039 22.354260 12.440957 9.867713 21.990284 32.476831 23.100897 14.880419 11.788490 10.909567 20.025411 9.105381 18.348281 26.749626 24.713752 19.266816 16.126308 19.769058 119.890882 27.783259 9.674141 7.894619 5.147235 4.462631 9.316143 72.759342 99.500000 26.711510 15.677130 24.884155 16.641256 7.331091 7.160688 38.546338 22.967115 28.845291 78.249626 59.094918 16.366966 6.018685 5.556054 12.023169 14.361734 37.408819 116.093423 81.085949 14.818386 4.742152 3.111360 6.399103 100.630045 94.344544 102.548580 32.150972 3.449178 2.213752 2.723468 22.418535 93.839312 50.264574 22.677130 20.136771 13.411809 8.211510 9.681614 27.195815 27.402093 26.797459 44.717489 21.669656 5.310164 3.328102 7.247384 17.562780 27.728700 37.384903 94.491031 44.224963 7.389387 6.161435 10.474589 20.851271 21.891629 52.675635 96.260090 39.188341 10.537369 9.301196 8.939462 10.661435 23.160688 24.996263 22.255605 15.460389 10.999253 8.661435 7.788490 10.096413 ]
}
CLUSTER-4 {size: 791
[ 52.356129 15.739355 4.882581 4.674839 10.858065 19.593548 20.064516 32.801290 42.563871 13.584516 5.752258 5.494194 22.499355 75.487742 71.087742 45.323871 44.366452 8.085161 5.341935 5.683871 16.205161 59.379355 82.236129 70.135484 26.147097 7.682581 4.803871 7.487742 22.567742 31.581935 28.060645 30.820645 54.677419 18.330323 7.805161 11.348387 34.917419 44.268387 28.480000 35.498065 26.034839 7.238710 4.630968 11.495484 61.087742 100.616774 74.539355 32.910968 85.348387 16.356129 4.784516 3.945806 11.743226 45.510968 72.680000 89.156129 64.753548 15.614194 6.286452 7.725161 24.240000 42.365161 41.225806 56.369032 37.788387 16.041290 10.832258 19.230968 45.362581 36.486452 18.680000 20.769032 21.960000 19.272258 18.803871 36.255484 70.433548 46.841290 13.241290 9.384516 88.830968 49.361290 17.967742 11.805161 13.754839 13.621935 14.174194 34.703226 66.316129 28.060645 11.960000 12.861935 23.064516 26.994839 21.233548 31.681290 21.716129 14.616774 11.522581 15.280000 25.784516 14.552258 6.961290 10.348387 20.954839 28.900645 31.202581 35.636129 40.429677 14.152258 5.825806 8.285161 49.722581 41.489032 26.166452 20.830968 17.289032 10.372903 7.557419 14.477419 39.316129 19.922581 8.558710 9.988387 16.360000 12.122581 8.078710 14.043871 ]
}
CLUSTER-5 {size: 2397
[ 23.267117 22.221048 20.537194 16.200761 11.124683 6.362637 6.063821 9.982249 23.508030 49.717667 85.765004 41.154691 11.374894 6.418005 6.808538 9.240490 24.217244 37.147506 82.552832 47.310651 10.611581 5.415046 7.147506 13.157650 23.845309 23.779374 31.972527 20.532122 8.230769 4.685968 5.603128 12.677515 87.688504 45.420541 21.614539 15.612426 10.959848 7.440828 8.638631 29.642012 96.764582 89.869822 96.326712 36.114117 5.307692 2.695266 3.677092 27.017329 13.667371 35.858411 106.247253 91.637785 36.866441 11.648774 4.474641 5.416314 20.934066 25.367287 54.183432 57.291209 34.157650 13.262891 6.758242 10.232460 92.875317 25.307692 14.516484 15.522823 11.460270 7.772189 9.229924 40.887151 112.319104 27.962806 9.458157 6.491124 7.583263 15.118766 26.651310 81.461538 18.421386 6.883347 13.949281 29.626796 50.473795 54.308960 38.787405 25.608199 15.914624 10.014370 16.104818 31.168216 43.866441 35.469146 19.711327 15.176669 46.139476 15.349535 10.261200 10.830938 9.175402 5.608622 7.263736 23.683432 72.156805 15.540575 6.580304 7.797549 11.575232 20.245985 33.710059 60.935757 19.911243 6.058749 5.002959 10.243872 28.414624 45.530431 41.255706 30.382925 12.795013 6.106932 5.356298 10.314455 18.784869 20.457312 17.409129 15.095943 ]
}
CLUSTER-6 {size: 1841
[ 21.920652 11.870652 8.222283 9.899457 17.450000 24.325543 25.054348 21.946196 19.217391 10.129348 8.642935 11.806522 28.381522 61.681522 65.090217 36.379348 37.739130 9.839674 7.547283 11.539130 18.592391 37.183696 57.609239 58.395109 30.552174 12.655978 9.326087 12.903804 15.911413 12.002717 13.800543 24.392391 23.321196 11.972283 10.252174 25.072283 48.876087 49.241848 31.789674 22.689130 15.283696 5.528261 7.576630 25.585326 58.016304 80.190217 66.592391 29.439130 96.064674 22.297826 8.017935 6.948370 10.431522 24.739674 47.386413 84.138043 78.350543 25.873370 15.091848 18.169565 19.975000 13.055435 13.928804 41.888043 26.794565 19.598913 30.205978 50.893478 45.622283 21.661413 12.121739 17.542391 17.025543 28.728804 73.854348 89.235326 54.043478 18.038043 7.202717 7.776630 96.121739 79.625000 64.853804 32.196739 8.969022 4.027174 4.922283 29.086957 81.385870 41.936413 22.875543 19.970109 18.160326 12.227717 11.381522 30.236957 29.122826 20.737500 24.571739 23.800543 12.959783 7.174457 7.829348 15.285870 29.052717 37.569022 71.233696 63.333152 19.307609 7.421739 8.371739 15.170652 35.760870 59.166304 74.465761 46.957609 15.345652 7.359239 6.759783 11.017391 29.978261 24.994022 19.845109 18.805978 16.003804 9.827717 8.057609 13.296196 ]
}
clustering_time: 1.869810 seconds
Silhouette: [ s1 = 0.158043 ,s2 = 0.094795 ,s3 = 0.105503 ,s4 = 0.011581 ,s5 = 0.096680 ,s6 = 0.049184 ,stotal = 0.087827 ]

