Algorithm: Range Search Hypercube
CLUSTER-1 {size: 1060
[ 32.383415 17.729756 10.985366 10.384390 10.390244 11.914146 14.531707 17.944390 36.061463 31.457561 37.603902 24.091707 16.341463 27.875122 29.617561 22.866341 35.899512 21.720000 38.043902 30.280000 16.204878 20.017561 30.265366 34.120976 27.477073 15.489756 17.443902 17.003902 15.126829 10.505366 10.055610 18.391220 62.392195 25.401951 13.155122 16.032195 20.745366 25.963902 24.783415 29.289756 65.590244 42.201951 36.556098 23.754146 23.562927 36.511220 32.575610 30.410732 54.512195 25.507317 42.068293 40.876098 27.581463 25.321951 28.665366 41.424390 48.882927 20.632195 25.202927 29.432195 30.875122 23.935610 16.233171 27.817561 60.031220 20.682927 22.723902 25.435122 21.839024 16.969756 14.504390 32.072195 66.602927 23.695610 30.830244 31.055610 23.599024 25.228293 36.643902 51.661463 52.231220 34.869268 28.005854 20.414634 27.578537 47.708293 42.052683 29.043902 48.208780 22.051707 14.008780 17.607805 28.439024 36.082927 28.864390 26.014634 28.501463 14.163902 16.090732 14.072195 12.308293 9.283902 10.030244 18.521951 36.360976 19.211707 29.549268 25.077073 15.920976 21.594146 35.935610 36.265366 30.509268 26.400000 27.969756 18.715122 16.399024 32.703415 36.611707 22.506341 27.329756 14.751220 9.765854 10.444878 12.331707 15.246829 16.301463 17.249756 ]
}
CLUSTER-2 {size: 2512
[ 28.556005 15.044534 7.915430 5.546559 9.433648 22.171390 30.211876 24.197031 24.303194 15.593792 11.312641 8.370670 15.887090 60.451642 77.390913 33.538012 34.727845 10.421053 9.178587 10.789474 16.307692 44.317139 76.232119 57.104813 27.208727 10.744489 8.326136 10.872245 15.763833 16.901484 17.377418 24.820063 28.465587 12.896086 8.485830 12.419703 29.583446 58.533513 53.928925 26.482681 18.681511 8.210076 7.710301 12.256860 36.428700 90.000450 88.582546 29.742690 97.156095 16.885290 7.219073 6.739091 8.877643 32.967611 70.456590 90.505623 81.047683 19.412506 10.629780 13.938372 20.066577 20.146649 19.412955 49.087269 22.593342 14.548808 20.659469 28.357175 34.209177 32.050832 20.683761 15.347278 20.395861 20.173639 37.619883 47.043635 41.849303 28.279352 14.815565 12.048583 102.991903 55.114710 29.649123 16.244265 9.661269 9.345479 10.097616 36.816464 87.379217 30.054881 11.489879 12.830409 19.254611 18.525416 14.910031 34.915430 17.952317 15.107512 17.041835 16.580747 14.979757 9.350427 7.029240 10.543410 21.790823 27.114710 41.327935 38.865047 22.504274 9.725596 8.454341 12.101664 59.346379 46.901934 38.308142 24.017094 12.423752 9.376518 9.075124 17.736842 47.086820 21.121457 9.573549 9.406658 13.330634 11.985605 10.265407 18.882591 ]
}
CLUSTER-3 {size: 2596
[ 32.329341 22.150128 13.336612 11.184346 10.324636 7.506843 6.842173 13.524380 37.085543 52.527802 62.277160 35.495295 14.368263 8.314799 7.623182 12.147562 20.073139 30.650984 63.307100 57.286142 23.601796 8.272455 7.975620 11.873824 20.689050 15.976903 19.777160 23.654833 15.736955 7.654405 6.669803 12.076989 82.857571 36.620616 15.436698 12.560736 13.253208 11.423439 10.751069 29.801967 97.131737 77.076989 58.062874 28.437981 10.842173 8.396920 8.801967 30.340462 18.491873 27.159110 67.680496 83.650984 59.038067 24.745509 10.607357 10.609495 23.349444 16.695038 26.972626 51.061591 52.668520 25.198033 11.257057 14.198888 79.935415 20.768178 12.001283 12.899059 14.526946 13.793413 15.626176 44.041916 96.393071 21.434132 9.093242 8.647990 10.364842 31.719418 63.554748 89.337468 17.274594 8.449530 9.250214 21.652267 55.816938 91.650128 77.786997 28.692472 23.808383 11.740804 10.214713 21.793413 49.275449 54.683062 32.500855 21.686912 27.007271 10.210864 7.476903 8.594098 11.890505 12.220701 14.143713 23.068435 32.505133 9.511976 7.996151 9.555603 14.639863 37.417451 66.836612 56.208725 18.415740 10.188195 8.934132 8.855860 19.812233 59.585543 67.851155 30.667665 21.532079 10.308383 6.699743 7.141574 13.140719 21.185629 21.683490 19.660821 ]
}
CLUSTER-4 {size: 1302
[ 24.633452 21.705516 21.478648 16.091637 10.507117 6.129004 7.069395 11.314947 24.885231 47.615658 87.613879 39.887011 9.906584 6.597865 8.146797 10.557829 25.895018 40.204626 85.131673 40.866548 8.015125 5.799822 8.609431 14.761566 22.487544 27.454626 39.196619 19.924377 6.346085 4.333630 6.130783 12.687722 90.562278 44.709964 21.403915 16.550712 10.783808 6.899466 8.686833 31.759786 100.540925 87.310498 100.142349 35.332740 4.157473 1.898577 3.024911 29.805160 14.482206 39.279359 113.055160 83.517794 23.015125 7.708185 4.189502 5.699288 19.054270 28.720641 65.967082 54.000000 23.119217 10.674377 6.890569 9.597865 95.829181 25.552491 15.193950 17.848754 10.973310 6.967082 7.988434 40.113879 118.730427 30.338078 10.467972 6.964413 5.955516 7.994662 18.092527 77.994662 21.116548 8.179715 17.372776 30.283808 37.501779 34.647687 31.252669 25.466192 11.532918 8.653025 18.349644 32.213523 34.302491 28.879004 20.632562 13.281139 52.750000 17.429715 12.169929 12.726868 8.162811 4.117438 4.919929 22.555160 87.468861 19.523132 7.775801 8.384342 9.518683 11.942171 21.125445 58.635231 23.126335 6.319395 5.055160 11.435053 26.774911 32.629004 32.175267 28.944840 8.923488 4.557829 5.048932 11.897687 19.221530 19.033808 17.507117 13.068505 ]
}
CLUSTER-5 {size: 700
[ 40.586400 16.386151 7.693075 7.883344 10.866500 12.597629 14.393013 21.440424 51.990019 33.535246 25.784779 16.023706 12.556457 18.972551 22.505926 24.590143 29.487835 23.278228 30.047411 24.036806 16.041797 14.878977 20.691828 24.985028 19.202745 13.299439 15.305677 15.479102 15.484716 10.045540 7.429195 12.413600 71.193387 22.453525 9.352464 13.739239 20.601372 26.039925 23.080474 33.062383 82.810979 40.427324 24.653150 16.263880 16.400499 26.823456 27.088584 38.079226 45.685590 21.705552 29.425452 30.147224 24.985028 27.686837 27.357455 33.293824 36.785402 16.080474 18.220836 23.947598 28.593263 27.754835 20.568933 21.521522 68.995009 19.578915 16.946974 19.456644 21.270742 20.112913 15.913288 36.053026 81.786026 22.384279 24.152215 22.187773 16.631940 31.384279 53.008110 66.350593 42.537118 25.292576 22.230193 15.076107 23.345602 67.694323 68.019963 30.570805 43.306925 17.373051 9.971928 13.124142 23.366812 46.334997 49.076107 29.931379 27.527137 13.495945 13.459763 12.245789 13.081098 11.686837 11.368684 19.839052 35.503431 16.810356 23.378041 18.086712 14.548971 32.115409 53.789769 42.716781 28.076107 22.137867 23.001248 14.794760 14.902682 44.167810 54.328135 24.142233 28.877105 14.160324 7.974423 7.285714 10.407361 18.445415 25.037430 19.703057 ]
}
CLUSTER-6 {size: 1830
[ 15.139893 8.172496 6.266746 10.550089 16.655009 15.925904 14.114997 14.998222 23.353883 7.764671 5.924718 10.836989 25.566094 35.989330 33.075282 30.563723 74.201541 15.262004 7.670421 10.932424 12.960285 17.932424 25.684055 57.002964 45.680498 15.634262 11.633669 16.514523 13.849437 7.056906 6.397155 22.595732 18.910492 11.540012 17.617072 30.806165 34.065205 26.401897 17.844695 16.140486 18.328986 7.300533 13.690575 28.444576 41.082988 42.186722 31.786011 23.133373 109.580913 26.215175 9.327208 7.846473 7.734440 11.895673 20.948429 74.994072 90.298755 26.809129 16.442798 23.480142 17.467101 9.502075 9.750445 38.841138 26.876704 26.026082 57.760522 55.107884 27.981624 11.328986 8.349140 15.161826 15.480735 33.846473 100.295199 85.680498 31.462952 9.168939 4.463545 6.794902 96.698281 88.047421 90.510373 33.416716 5.484884 2.473622 3.088915 24.768820 86.619443 47.636040 25.059277 21.930646 14.718435 10.055720 10.455246 28.241849 29.957321 24.531713 35.945465 21.919384 8.256076 4.858328 7.288678 16.591583 29.818613 38.531120 85.686426 51.110255 11.793124 6.658566 9.306461 19.002964 26.908714 55.351512 90.053349 43.504446 12.752223 8.227030 7.478957 10.974511 24.704209 25.770599 23.326023 18.445169 13.428571 8.839360 7.477178 10.734440 ]
}
clustering_time: 2.081647 seconds
Silhouette: [ s1 = -0.185093 ,s2 = 0.046333 ,s3 = -0.013066 ,s4 = 0.084135 ,s5 = 0.111137 ,s6 = 0.150870 ,stotal = 0.034970 ]

