Algorithm: Range Search Hypercube
CLUSTER-1 {size: 1062
[ 26.994096 18.276015 16.815498 19.380074 15.256089 9.554982 9.025830 13.286347 39.178598 49.269373 58.966790 43.793358 17.265683 11.319557 11.892251 14.045018 37.162362 44.067159 60.174170 49.391144 19.331365 8.200738 9.540221 17.709225 30.927675 26.550554 25.331365 22.226568 13.471587 6.909963 5.120295 12.172694 61.016236 32.434686 22.171218 23.763100 20.962362 18.934317 17.428044 27.625830 88.197048 68.517343 54.104059 32.874539 14.774908 14.361624 14.713653 36.892989 35.485609 37.104797 64.833948 66.577122 43.284133 19.981550 13.785240 21.625092 39.123985 27.388930 31.994096 36.431734 31.909225 19.741697 12.521033 20.418450 57.348339 22.866421 20.956458 22.571956 21.219926 20.165314 19.890037 34.171956 88.574908 27.241328 17.709963 15.735793 15.538745 22.697417 38.963100 78.325461 33.953506 15.064207 16.282657 25.076015 51.197786 61.912915 53.924723 41.977122 37.629520 14.969742 11.898893 20.291513 33.656827 37.522509 34.574170 33.791882 24.398524 12.867159 10.996310 12.015498 15.823616 13.076753 13.941697 19.777122 47.145387 15.870849 14.000000 14.016974 18.738007 28.466421 42.011808 56.995572 25.990406 12.109963 12.400738 14.826568 32.816974 51.953506 51.713653 40.112177 26.600738 8.867897 5.616236 9.287823 16.522509 20.490775 25.884871 28.061255 ]
}
CLUSTER-2 {size: 1148
[ 62.757443 17.206655 3.275832 3.680385 7.064799 8.640981 11.310858 28.388792 82.640105 40.508757 17.229422 11.113835 7.988616 4.647986 5.388792 26.045534 16.894046 23.961471 27.128722 27.696147 23.546410 9.626970 3.908056 5.694396 7.052539 11.103327 14.204028 17.741681 20.091068 11.766200 4.978109 4.689142 100.199650 21.404553 4.416813 5.804729 11.944834 15.778459 17.180385 42.756567 120.496497 44.421191 10.768827 6.035902 5.587566 6.056042 9.432574 48.149737 18.126970 17.362522 19.384413 23.699650 35.205779 37.413310 19.906305 8.470228 10.654116 9.279335 11.461471 18.764448 36.823993 43.864273 26.972855 9.859895 91.596322 18.039405 6.739930 7.063047 13.199650 17.006130 17.830998 49.949212 111.475482 15.641856 1.824869 1.551664 4.697023 40.133975 92.316988 98.210158 11.721541 3.031524 2.308231 4.262697 22.732925 110.850263 116.212785 29.075306 21.186515 7.892294 3.704028 5.792469 22.169002 73.438704 80.093695 29.006130 25.753940 9.756567 7.721541 7.428196 12.077058 14.321366 14.912434 22.224168 26.887040 7.736427 6.198774 7.135727 12.376532 47.507881 87.792469 51.842382 17.533275 10.520140 6.298599 5.253940 9.641856 62.178634 87.498249 26.014886 27.049037 12.830123 5.013135 2.813485 5.201401 22.006130 35.691769 21.883538 ]
}
CLUSTER-3 {size: 2392
[ 30.302768 15.791955 8.077855 4.570934 7.602076 22.523789 33.055363 25.993080 23.150952 14.220588 9.036332 6.408304 14.495675 65.908737 85.764273 34.243945 29.888841 8.328720 6.457180 8.272924 16.048443 49.351211 86.876730 58.564879 25.637111 9.461073 7.040657 9.694637 16.228374 18.171280 19.662630 26.152682 27.324394 12.165657 6.673010 10.192042 28.937284 64.901384 61.014273 28.157439 14.034602 4.503028 3.485727 9.654844 37.031574 101.125433 100.635381 29.609862 99.845156 15.377595 3.132785 2.784602 7.229239 36.515571 81.227509 96.045848 83.866782 18.103374 8.450692 10.965398 19.508218 21.940311 21.983131 52.809689 19.817042 12.444637 15.504325 24.463668 36.250433 37.042388 23.192474 14.529844 16.764273 18.407439 29.448962 42.637976 45.601644 32.093858 14.355969 8.144031 108.078287 51.559689 21.314879 13.626730 8.245675 6.786765 8.128028 38.804066 90.946367 26.994810 9.575260 11.354671 18.576125 18.835640 15.190744 37.663927 15.567042 13.146194 14.880190 16.340398 16.411332 10.421713 6.849481 9.464100 19.592561 25.104239 34.937284 37.121972 25.394464 9.721453 5.899221 8.826557 67.034170 45.631920 30.169550 21.669983 12.656142 7.264273 6.360727 18.041090 52.365052 20.435554 7.231401 8.263841 13.166090 11.958910 10.051471 20.174740 ]
}
CLUSTER-4 {size: 2498
[ 15.484698 8.719189 6.021919 10.442101 17.375931 16.936311 14.385443 15.155087 23.673284 8.325062 5.936725 10.357320 26.015715 37.434657 34.638131 31.626137 72.419768 14.955335 7.476840 10.531844 12.849462 18.634409 27.827957 59.930108 45.320099 15.275848 11.308106 16.066584 13.743176 7.338296 7.155914 23.746071 19.653846 11.667080 17.227461 30.882134 36.040116 26.876344 16.976013 16.246071 18.426799 7.320099 13.544251 28.473532 42.801075 43.604218 32.197270 23.358147 108.896195 26.621588 9.157568 7.558313 7.699338 12.337055 21.279983 75.583127 89.192721 26.995451 16.060794 22.435897 17.420596 9.709677 9.889578 39.298594 27.333747 25.723739 56.791563 56.990074 29.749793 11.124483 7.529777 15.271712 15.599256 33.914806 100.521919 87.331266 33.196030 9.572787 4.179901 6.605873 96.161290 90.421423 90.866005 33.212159 5.620761 2.453267 3.038462 24.217949 85.673697 48.523573 25.357734 21.490488 14.922250 9.744003 9.948718 27.226634 30.704301 24.347808 35.416460 22.622829 8.679074 4.993797 7.202647 16.837469 30.071547 38.672457 86.547974 53.103805 11.944169 6.532672 9.341605 18.788668 26.053350 57.044251 90.866005 43.811828 12.184864 8.033499 7.654260 10.459057 23.686931 25.737800 23.612490 18.790736 13.517370 8.989661 7.489247 10.281224 ]
}
CLUSTER-5 {size: 1076
[ 22.398460 22.716073 21.855630 15.171319 9.333975 6.035611 6.949952 9.758422 19.773821 48.485082 94.424447 38.126083 8.387873 6.666987 7.749759 8.959577 21.824832 35.752647 92.044273 40.384023 5.999038 5.190568 8.241578 14.110683 21.385948 25.627526 42.072185 19.575553 5.631376 3.353224 5.188643 12.697786 96.923965 49.465833 20.443696 14.070260 8.687199 5.643888 7.044273 29.959577 101.882579 92.363811 109.841193 34.987488 2.902791 1.231954 1.663138 25.650626 10.415784 35.936477 122.427334 87.751684 17.975938 4.148219 2.190568 3.618864 15.671800 29.308951 78.507218 59.417709 21.147257 6.386910 3.502406 6.267565 105.150144 26.384023 13.853705 15.182868 8.719923 4.564966 5.371511 41.083734 123.813282 30.214629 9.486044 5.559192 4.017324 4.205005 9.645813 75.813282 19.732435 7.635226 19.005775 31.629451 32.564004 22.628489 18.065448 19.630414 7.685274 8.381136 21.063523 35.387873 33.907603 21.317613 11.766121 7.813282 60.417709 18.879692 12.588065 12.516843 6.784408 2.700674 3.156882 23.314726 100.139557 21.076997 7.230029 6.949952 5.731473 6.395573 13.996150 57.899904 23.041386 5.311838 4.324350 10.070260 22.053898 23.421559 22.731473 25.595765 5.815207 4.327238 4.588065 11.887392 19.818094 16.887392 11.840231 8.219442 ]
}
CLUSTER-6 {size: 1824
[ 29.716263 24.362745 14.193772 8.997693 8.683391 6.278547 5.367359 10.893310 28.621684 54.031142 72.763552 36.670127 12.918108 6.036909 5.127451 8.945790 14.961361 26.356978 70.960784 61.568051 21.418685 7.117070 6.463668 9.811419 16.783737 12.442330 19.012111 23.062860 14.336794 7.540369 7.696655 12.465975 92.423875 40.318916 13.724337 8.259516 8.943483 7.439446 8.432526 30.405998 99.512111 86.115917 72.083622 30.503460 7.050173 3.768743 4.829873 26.082468 9.055940 24.787197 81.204152 100.765283 64.672434 24.132065 6.787197 4.150519 15.312572 12.301038 27.241061 61.764129 61.242215 24.837947 9.880623 11.005767 91.595732 20.841984 8.828143 8.475779 10.034025 9.254325 12.243945 47.213956 102.193195 20.528258 5.239331 3.431949 6.686275 34.222607 69.425029 93.562860 9.018454 3.828143 6.145329 22.328720 61.851211 103.787774 84.256055 22.697232 15.708189 9.835640 9.790657 24.608997 59.296424 60.984429 27.969435 14.760092 29.262399 9.876009 6.295271 6.942907 9.559977 10.024221 13.017301 24.512687 29.178777 7.099193 4.621684 6.048443 12.351788 40.155709 74.745098 57.381776 14.700115 7.920992 6.478662 6.140715 16.798731 65.208189 72.306805 26.696078 17.131488 9.703576 7.410035 6.800461 12.626874 21.828143 19.128028 15.540946 ]
}
clustering_time: 2.243267 seconds
Silhouette: [ s1 = -0.041711 ,s2 = 0.103909 ,s3 = 0.130798 ,s4 = 0.131278 ,s5 = 0.130065 ,s6 = 0.114823 ,stotal = 0.106518 ]

