Algorithm: Range Search LSH
CLUSTER-1 {size: 1558
[ 26.826531 16.091837 8.704682 5.318127 7.360144 21.396158 33.106242 23.756303 21.400360 15.818127 12.354742 8.159064 12.264106 59.581032 81.630852 30.598439 31.554022 10.589436 10.070228 10.198079 15.009604 42.592437 80.620648 55.995798 26.554022 9.966987 8.427971 11.030012 15.569028 15.028812 16.190276 24.906963 25.699880 11.818127 6.511405 9.317527 24.851741 66.396158 65.097239 27.561825 16.770108 7.553421 6.783914 9.390156 26.953181 94.984994 99.367947 29.426771 100.763505 16.027611 6.289916 5.773109 7.796519 33.346939 77.865546 94.162065 85.138655 17.980792 9.474190 12.946579 20.532413 20.697479 18.978391 50.854142 17.680672 11.597239 17.075630 21.951381 31.903962 38.645858 25.020408 14.310924 20.145258 18.957983 29.604442 34.111645 34.465786 31.513205 17.791116 12.306122 107.980192 48.658463 20.563625 11.474790 8.860744 10.496999 11.343337 40.284514 92.746098 26.250300 8.657263 10.753902 19.185474 20.334334 15.876951 37.720888 12.774910 12.058824 16.084034 15.430372 15.043217 10.507203 6.893758 8.528812 20.323529 24.331333 33.110444 29.803121 20.066627 10.633253 8.395558 10.563625 69.839736 43.843337 27.204682 16.771909 11.013806 9.662665 9.388355 19.958583 55.765306 20.064826 6.472389 6.748499 12.235894 12.066026 10.889556 21.302521 ]
}
CLUSTER-2 {size: 2110
[ 47.384416 19.960519 9.105455 8.643636 9.376623 8.506494 9.198442 20.756883 60.832727 46.778182 37.108052 26.944416 13.120519 7.267532 7.837403 19.728831 20.177143 28.115844 43.314286 47.026494 27.377662 9.965195 7.379221 10.222857 15.850909 13.923636 17.312727 22.167792 19.090909 9.992727 6.458701 9.317922 85.491429 28.385455 10.567273 11.486753 14.464416 15.165195 15.580779 36.741818 105.276883 56.515325 28.525195 18.010390 10.429610 9.014545 11.317922 41.160519 22.194286 22.578701 37.516883 53.596364 49.958442 31.575065 16.555844 12.483117 21.139740 14.327273 19.260779 34.030649 44.943377 34.016104 19.338182 14.854026 79.329870 19.872727 9.874805 10.962597 16.205195 18.036883 19.154286 46.435844 98.512208 19.387013 6.915844 6.592727 9.227532 36.110649 76.446753 90.261299 18.108571 7.968831 7.002597 13.370909 40.432727 97.555844 93.218701 30.698182 26.543896 11.556883 8.056623 14.630130 34.523117 60.309091 53.502338 28.048312 25.152208 9.823896 7.773506 8.723636 13.307532 14.854026 15.880519 21.938182 30.969870 9.713766 8.531948 9.781299 14.391169 42.603636 73.853506 51.997403 22.351688 12.228052 9.472727 8.053506 15.230130 58.966753 73.212468 29.976104 26.686234 11.946494 6.899740 6.321039 9.960000 20.432727 26.252468 22.439481 ]
}
CLUSTER-3 {size: 441
[ 28.577861 19.988743 13.309568 10.887430 10.673546 10.114447 11.859287 16.296435 30.097561 32.213884 43.651032 27.990619 14.138837 21.834897 30.592871 20.658537 37.015009 23.784240 35.853659 33.615385 17.307692 16.703565 30.009381 31.579737 31.761726 17.371482 13.945591 14.016886 10.853659 9.217636 11.035647 19.572233 61.879925 31.902439 20.061914 17.159475 19.403377 25.056285 21.377111 25.671670 61.339587 48.529081 49.512195 30.131332 20.913696 32.377111 31.478424 26.328330 51.290807 26.101313 51.168856 53.763602 31.249531 21.547842 27.292683 38.611632 52.097561 21.163227 26.596623 33.324578 25.212008 17.240150 13.208255 29.996248 61.996248 21.375235 21.150094 23.457786 19.418386 17.249531 16.399625 33.093809 66.088180 25.450281 30.395872 29.671670 22.517824 23.538462 33.962477 51.097561 48.724203 30.962477 27.879925 26.313321 35.647280 44.215760 38.459662 27.585366 49.904315 21.363977 15.452158 21.082552 28.774859 30.853659 23.692308 27.052533 34.315197 14.939962 13.277674 12.842402 10.230769 8.996248 10.369606 19.934334 40.110694 17.709193 25.607880 23.692308 17.135084 22.763602 33.654784 35.647280 30.384615 23.236398 23.934334 18.341463 22.544090 32.926829 35.514071 22.512195 27.722326 13.759850 8.641651 9.078799 15.228893 16.135084 17.144465 17.469043 ]
}
CLUSTER-4 {size: 2661
[ 26.291087 20.878526 16.538924 13.052651 10.572772 7.326062 7.498308 11.825874 27.913501 49.665288 77.608876 35.823242 10.870628 7.955246 8.451674 10.863859 20.869500 33.502821 77.660775 46.465212 11.546446 6.730350 8.351636 12.989846 19.802181 21.035352 30.349756 20.682587 9.403911 5.617149 5.712674 11.746145 88.203836 40.655510 17.417450 14.007522 12.092892 9.357277 10.031215 29.415570 99.550959 85.387740 83.136517 31.195938 6.507710 5.243701 6.285822 28.333584 15.214742 32.525762 95.881158 84.730726 37.103046 14.842422 7.523129 8.079729 18.933810 22.240316 48.114705 54.676194 37.417450 16.669425 8.455434 10.381346 90.590071 23.036480 13.207597 15.027078 12.486649 8.699887 9.579165 40.584430 110.305378 25.779240 10.197443 7.715683 7.490034 19.138774 37.981572 84.226401 19.045506 8.689357 13.390372 25.535164 45.371192 64.066942 53.632193 26.059421 16.364047 10.231290 13.987965 26.943588 43.386235 42.912749 26.540429 15.871380 39.544190 14.011659 9.874765 10.429485 9.528770 6.719819 8.285822 22.814592 60.262881 14.243701 8.319669 8.729598 10.716059 23.547950 45.172621 60.075216 19.185784 8.282813 7.539300 9.982700 22.484769 48.145920 51.078601 29.446408 13.865363 7.581422 5.729222 8.912749 15.639714 20.965401 20.242572 15.273787 ]
}
CLUSTER-5 {size: 1137
[ 33.119701 13.121363 7.361596 10.157107 16.596010 20.210308 20.198670 24.949293 29.847880 15.231920 11.959268 12.723192 28.922693 58.945137 57.116376 38.669160 35.635910 10.861180 11.947631 16.034913 21.612635 42.816293 55.800499 53.253533 27.117207 10.694929 7.874480 11.804655 19.602660 18.742311 17.410640 24.186201 44.171239 17.261845 11.290939 23.666667 43.170407 32.855362 22.170407 28.763092 31.073982 14.749792 12.425603 28.912718 64.047382 67.103907 48.179551 30.722361 77.206983 22.519534 14.039069 16.878637 19.459684 29.331671 42.199501 67.819618 61.133832 23.502078 15.003325 20.428928 26.092269 21.378221 19.856193 37.009975 46.496259 20.502909 20.359933 39.080632 40.433084 17.553616 12.055694 26.205320 32.256858 23.440565 43.927681 74.045719 63.245220 22.611804 14.137988 19.710723 79.225270 61.733998 45.670823 31.182876 18.290939 15.932668 15.013300 29.187864 61.095594 36.152120 24.265170 24.241895 24.390690 18.842062 15.101413 25.739817 35.645054 18.375727 15.640898 19.705736 16.527016 8.754780 7.555278 18.196176 32.608479 32.039069 50.200333 58.628429 28.449709 11.912718 13.164589 19.517872 38.660017 51.876143 56.927681 42.745636 17.833749 12.544472 13.595179 14.118038 26.668329 21.925187 18.887781 20.703242 18.059850 11.299252 9.788030 12.984206 ]
}
CLUSTER-6 {size: 2093
[ 14.725422 10.261668 7.510427 9.641013 14.402681 15.786991 14.629096 13.163853 24.566534 12.979146 11.455313 11.991559 21.414598 31.770109 31.121648 26.746773 75.958292 19.240814 11.948858 11.713505 10.425025 15.168322 25.550645 56.644489 46.268123 16.982622 12.846077 17.008441 12.711023 6.179245 6.305859 22.019861 20.222443 12.827706 17.591857 26.568024 28.276564 29.745780 21.899702 15.565541 23.410626 12.383317 18.334161 23.708044 29.926018 42.653426 36.021847 23.437438 108.337637 26.163357 12.698113 10.348064 8.501986 13.721946 23.733366 74.575472 91.058093 25.022344 15.191658 22.060576 17.695631 10.704071 10.439424 39.826713 24.962264 25.432969 59.891261 52.798908 24.573982 13.667825 9.276564 13.957795 19.422542 33.323237 98.001490 74.298908 22.195134 12.410626 9.444389 12.381827 94.962264 82.428500 84.880834 28.772095 7.364449 8.547170 8.579940 26.213505 88.685204 43.068024 18.925025 16.705065 14.666832 13.170804 13.608242 30.345581 24.925521 23.961271 36.664846 20.608739 8.161370 5.530288 8.104270 15.830189 26.274578 35.257696 81.367925 41.822741 10.677259 9.219464 13.663357 20.861470 24.603774 48.516882 81.600298 35.775074 12.572493 12.294439 12.179742 12.766137 26.327210 23.424528 18.936445 13.717974 11.396226 10.080933 9.551142 12.798411 ]
}
clustering_time: 2.575307 seconds
Silhouette: [ s1 = 0.086615 ,s2 = 0.026055 ,s3 = -0.147761 ,s4 = 0.063268 ,s5 = -0.028311 ,s6 = 0.018163 ,stotal = 0.029894 ]

