Algorithm: Range Search Hypercube
CLUSTER-1 {size: 1454
[ 25.507975 23.826994 22.600000 16.226994 9.985276 5.391411 6.344785 10.358282 24.041718 49.614724 92.101840 41.414724 9.047853 5.665031 7.219632 9.838037 25.766871 39.834356 88.776687 41.522699 7.331288 4.840491 8.138650 13.969325 24.511656 28.830675 40.841718 19.560736 6.058896 3.355828 5.504294 12.887117 93.619632 49.766871 22.370552 16.769325 10.408589 5.800000 6.831902 30.811043 100.920245 87.901840 103.676074 37.622086 3.715337 1.326380 2.069939 29.332515 13.901840 39.220859 116.952147 83.850307 19.858896 4.585276 2.831902 4.663804 19.393865 32.053988 74.004908 53.914110 19.526380 6.041718 4.236810 7.830675 98.574233 26.796319 16.089571 18.231902 10.800000 6.003681 6.256442 41.483436 120.755828 29.769325 11.062577 6.866258 4.600000 4.511656 11.003681 76.498160 22.615951 8.166871 19.379141 31.712883 31.829448 20.948466 19.660123 23.644172 11.170552 9.456442 20.582822 33.625767 29.477301 18.712883 13.400000 10.635583 56.677301 18.839264 12.694479 13.006135 7.917791 3.584049 4.013497 22.217178 94.869939 21.239264 8.284663 8.408589 7.040491 6.721472 14.834356 55.462577 24.527607 5.687117 4.539877 10.961963 22.357055 21.720245 24.706748 29.256442 7.911656 4.088344 4.072393 11.743558 18.512883 15.717791 14.240491 11.255215 ]
}
CLUSTER-2 {size: 1747
[ 43.984686 17.618173 7.759061 7.592649 9.615620 11.159775 12.970904 21.297601 55.565084 38.236345 30.467075 19.000000 12.498724 16.133742 18.406840 22.644206 27.025523 25.854007 35.598264 31.503318 20.529352 14.232261 17.187851 20.038795 18.360898 14.449209 17.065339 18.824911 17.233793 10.464523 7.066871 11.044410 77.383359 24.087800 10.184788 12.323635 17.150587 21.435426 20.977540 34.562021 90.265442 45.958652 26.818275 15.928025 14.275651 21.714650 22.354773 38.563042 38.053088 22.766718 33.809086 36.393058 31.942318 29.812660 23.884125 26.555896 31.957121 15.648800 19.239408 27.741705 33.965288 30.501787 19.569678 19.547218 72.297601 18.920878 15.815212 17.293007 17.662072 17.755998 17.152118 39.915773 86.688106 20.577335 18.516080 17.552833 13.419091 31.142420 61.402757 74.598264 34.228178 19.379275 16.607453 14.342011 26.874936 76.079632 77.038795 30.704952 37.098520 15.020929 8.967330 13.482389 26.635018 52.245533 50.634507 28.563042 26.314957 12.169474 11.910669 11.665646 11.689127 11.470138 12.644717 20.925472 32.120470 13.763655 18.242471 16.374170 13.769781 33.337417 59.543134 45.704952 24.909648 18.337417 18.593160 12.693211 13.982134 47.258806 61.225115 25.344053 27.849923 13.340990 7.788157 6.867790 9.778458 19.472180 26.006126 20.615110 ]
}
CLUSTER-3 {size: 289
[ 30.126938 16.958333 10.486434 10.328488 11.342054 13.711240 16.369186 19.095930 33.882752 31.022287 36.180233 22.964147 17.497093 28.432171 31.780039 24.778101 33.963178 20.657946 36.352713 30.543605 17.920543 20.125969 30.028101 34.454457 24.275194 14.259690 17.607558 18.006783 15.149225 10.670543 10.136628 17.401163 59.549419 25.472868 14.071705 16.310078 20.562984 26.879845 23.665698 27.603682 64.412791 43.159884 37.472868 25.314922 24.104651 34.813953 32.512597 30.814922 55.466085 24.425388 41.952519 44.387597 28.895349 21.959302 28.196705 43.218023 48.023256 21.058140 25.064922 34.228682 33.024225 21.445736 14.795543 25.752907 58.484496 21.192829 22.820736 26.172481 21.920543 16.548450 14.085271 30.484496 65.621124 25.058140 32.398256 33.324612 23.986434 23.593023 34.306202 51.320736 54.865310 36.229651 31.730620 23.471899 29.149225 46.128876 41.520349 29.273256 49.162791 23.997093 16.002907 20.396318 31.762597 35.739341 26.026163 24.959302 29.186047 14.955426 16.046512 13.812016 11.868217 9.412791 10.211240 18.238372 37.372093 21.863372 31.266473 25.817829 16.222868 21.811047 35.472868 36.778101 32.836240 28.613372 31.540698 20.562984 17.233527 32.164729 35.861434 23.014535 27.396318 15.511628 11.180233 12.085271 14.379845 15.314922 15.667636 16.490310 ]
}
CLUSTER-4 {size: 2588
[ 14.649007 8.012693 5.834437 10.233996 17.054084 17.052428 14.422737 14.476821 23.114238 7.618653 5.785320 10.527594 25.574503 37.159492 34.191501 30.168322 75.089956 14.764349 7.097682 10.338852 12.098234 17.546909 27.007726 60.552428 46.119757 15.128035 10.942605 15.710265 13.286976 7.104305 6.993377 24.213024 17.589404 10.940397 17.090508 30.532561 35.657837 28.071744 18.190949 15.289183 17.854305 7.046909 13.546358 27.278146 41.467991 44.129139 32.749448 22.777594 110.326159 26.126932 8.887417 7.259382 7.080574 11.896799 21.116998 76.865342 90.066777 26.618102 15.537528 22.039735 16.992826 9.438742 9.767660 39.798013 25.443709 25.903974 58.038079 56.724614 29.019316 11.556843 8.014349 14.372517 14.789183 34.054636 102.088852 87.112583 31.391280 9.417219 4.533664 6.232340 97.305188 90.951435 91.348234 32.520971 4.960265 2.192053 3.087196 24.212472 87.131347 48.142384 24.386313 21.072296 14.852649 9.657837 10.068433 27.546909 29.578366 25.157285 35.970199 21.881347 8.500000 5.004415 7.246137 16.387417 29.322848 39.404525 87.719647 51.900110 11.372517 6.545806 9.330022 17.983444 25.525938 56.435982 91.092715 43.550773 12.113687 8.043598 7.961369 10.287528 23.865342 25.225717 22.812914 18.136865 13.267108 9.420530 7.798013 10.448124 ]
}
CLUSTER-5 {size: 2065
[ 27.100806 22.603111 15.985023 13.237327 11.248848 7.065668 5.629608 10.614055 30.095622 54.032258 72.680876 40.035714 14.096198 6.388249 5.150346 9.328341 19.309332 32.898618 71.852535 59.552419 20.451613 6.320276 5.750000 10.105991 20.829493 17.475230 21.314516 22.612327 13.714286 6.858295 6.312788 11.774194 83.167051 38.785138 16.602535 12.694700 11.989631 9.578341 10.320853 29.637673 98.009217 85.766129 71.599078 31.663594 8.069124 4.225230 5.597926 28.956797 13.094470 29.358871 82.007488 95.044931 61.279378 22.831221 7.173963 5.722350 20.702765 17.182028 31.074309 56.391705 53.130760 22.821429 10.011521 12.577189 83.535714 21.410714 10.535138 11.041475 13.068548 12.203341 14.807604 43.184908 102.153226 22.976959 6.277074 4.657258 8.961982 31.140553 59.325461 92.127880 13.562788 4.972350 7.156106 23.269009 63.651498 95.147465 74.582373 28.461982 20.275346 10.277650 10.375576 24.032834 53.465438 54.995392 30.006912 20.718318 29.460829 10.595622 6.870392 7.864631 11.622696 10.955069 13.036866 22.940092 38.374424 8.789747 4.974654 7.115783 15.023618 38.282834 64.881912 60.538018 17.145161 7.411866 5.550691 7.730415 24.328917 65.822005 66.811060 31.805876 19.413594 8.918203 6.155530 7.402074 14.839862 22.981567 20.973502 19.750000 ]
}
CLUSTER-6 {size: 1857
[ 29.822751 16.123583 9.191232 6.561980 9.061224 18.680650 26.266818 23.304233 26.780801 20.836735 19.032124 12.033258 14.862056 51.757748 66.370748 30.397581 31.709751 14.000756 17.763416 16.126606 16.069161 39.166667 66.173469 48.761527 26.233560 11.867347 11.008314 12.413454 15.284580 15.150794 15.760015 22.724868 38.990930 16.949358 9.339758 12.850340 27.172714 51.218821 47.363568 27.980348 31.926682 18.555933 15.490930 14.916100 32.401361 78.073696 76.810658 29.856009 84.543462 18.997354 16.655707 16.742252 14.064248 31.828042 62.659108 77.517385 71.984883 18.914966 14.228647 18.060469 23.100151 21.625850 19.327664 44.007181 33.579365 15.580877 18.088813 24.862434 32.024943 30.685941 19.837491 20.386999 33.844293 20.521542 30.825397 39.403250 38.040816 29.285714 21.186697 23.213530 89.176115 45.670824 24.594104 16.912698 15.462963 19.924036 19.626606 35.977324 76.431217 25.634165 11.190854 13.981859 22.408163 23.529856 19.239229 33.739607 20.263416 13.597128 15.271731 15.600907 15.347317 10.295163 7.816704 12.872638 25.955026 23.659864 33.742630 32.922147 22.051020 13.513983 16.129252 19.484505 54.405896 40.020786 30.921769 21.120181 14.611867 16.142479 16.897959 19.972411 43.386243 19.200680 8.551776 8.795163 13.247543 12.831066 12.619426 18.976568 ]
}
clustering_time: 2.068565 seconds
Silhouette: [ s1 = -0.067604 ,s2 = -0.099015 ,s3 = -0.137730 ,s4 = -0.036331 ,s5 = 0.156379 ,s6 = 0.142486 ,stotal = 0.018242 ]

