Algorithm: Range Search LSH
CLUSTER-1 {size: 1124
[ 6.790558 5.598283 4.710730 8.504721 12.099571 10.633476 9.903863 9.872961 26.254936 7.759657 5.113305 7.648927 14.215451 15.036052 18.497854 28.180258 102.573391 19.364807 8.196567 9.551931 6.484979 4.863519 11.499571 62.808584 56.899571 17.099571 12.473820 18.194850 12.099571 4.165665 3.201717 22.891845 9.262661 9.031760 22.547639 30.716738 19.941631 14.394850 12.314163 9.390558 19.615451 8.923605 18.645494 21.874678 18.130472 18.243777 17.400000 20.244635 124.448927 27.273820 8.452361 6.586266 4.047210 4.199142 9.503004 75.883262 103.720172 25.715880 13.780258 23.733906 15.769099 6.853219 6.606009 38.915880 18.820601 29.327897 86.830901 60.748498 14.178541 5.101288 4.747639 9.774249 11.462661 38.676395 121.923605 77.513305 10.067811 3.947639 2.878112 4.941631 104.769957 96.438627 104.856652 29.317597 2.535622 1.630043 2.231760 22.680687 97.234335 48.831760 18.648069 17.310730 12.184549 7.902146 9.496996 27.673820 23.819742 27.311588 49.403433 22.153648 4.575107 2.881545 7.176824 16.716738 22.712446 36.781974 98.686695 41.457511 6.096996 6.267811 10.530472 18.762232 19.332189 52.094421 97.217167 35.945064 9.812017 9.272961 8.733906 9.763948 22.187124 24.501288 20.497854 13.093562 9.840343 8.277253 7.941631 9.961373 ]
}
CLUSTER-2 {size: 1336
[ 37.894382 13.545318 6.132584 5.074157 10.544569 22.265918 28.131835 31.155056 32.362547 12.302622 6.893633 5.984270 17.785768 67.380524 80.000749 45.948315 37.584270 8.047191 6.052434 7.854682 16.147566 51.137079 82.546816 68.501873 24.278652 8.903371 6.435206 10.439700 21.708614 25.138577 23.704120 27.292884 35.401498 13.915356 7.661423 12.834457 37.370787 52.161049 37.362547 30.614981 19.427715 5.546067 4.095880 11.092884 50.761049 96.560300 86.343820 35.111610 94.159551 17.206742 3.599251 2.960300 9.523596 38.635206 73.502622 95.432959 72.175281 18.680899 7.788764 10.904869 25.310861 32.006742 30.615730 52.639700 26.438951 15.385019 16.737828 27.518352 46.889139 35.355056 17.125843 16.692135 18.994757 24.907116 34.140824 46.538577 60.886142 37.153558 11.298127 7.581273 99.843446 62.273408 26.289888 13.973783 11.471161 9.319101 10.008989 35.164794 76.870412 31.044944 11.365543 13.173034 23.286142 23.219476 18.740824 33.523596 19.443446 17.152060 18.911610 20.008240 21.763296 11.802996 7.204494 10.580524 21.175281 34.955056 45.991760 42.646442 33.260674 11.609738 5.835206 8.296629 51.091386 52.583521 38.677154 23.996255 16.659925 9.740824 7.093633 14.089888 38.335581 21.550562 9.056180 10.343071 16.919850 13.209738 9.298127 15.198502 ]
}
CLUSTER-3 {size: 2659
[ 23.210546 22.180038 20.108098 16.077966 11.242185 6.396987 5.986817 10.010546 24.003013 50.866667 84.933710 40.667043 11.406780 6.195104 6.396987 9.140866 23.615819 37.121657 81.709981 48.450094 11.167232 5.160075 6.770621 12.709228 23.230132 23.213559 30.877213 20.791714 8.690395 4.788701 5.652731 12.550659 87.262524 45.071940 21.200377 15.553672 11.242185 7.467043 8.520527 29.217326 97.681356 90.627119 94.516761 35.841808 5.390584 2.588701 3.636535 26.967985 13.309981 35.193220 104.236158 92.435028 39.370998 12.462524 4.510358 5.271940 20.359699 24.494162 51.579661 57.261017 36.341620 14.112618 7.138230 10.345009 91.685876 24.552542 14.002260 15.167608 11.792090 8.430885 9.716761 41.082486 111.800000 27.271186 8.921657 6.084369 7.497928 16.357062 30.327307 83.272693 17.688136 6.536347 13.202637 29.386441 51.929944 58.564972 43.144633 25.894915 15.920904 9.945009 15.523164 30.583427 45.509228 37.650471 20.437665 15.328814 43.864030 14.592844 9.902825 10.622222 9.597740 6.306215 7.759322 23.488512 68.157062 14.566855 6.235028 7.595857 11.627119 21.540866 37.490019 61.469303 19.459510 6.027495 4.899435 9.867420 27.496422 47.440301 44.972881 30.799623 13.342750 6.488512 5.450847 9.967232 18.308851 20.719774 17.838041 15.374765 ]
}
CLUSTER-4 {size: 2441
[ 48.682209 20.587730 7.868303 7.020041 8.489162 7.788957 8.591002 20.633538 61.674847 49.564008 39.676074 26.268712 11.519427 5.256033 4.950102 18.317791 18.219632 28.302249 46.148057 47.670757 26.279755 8.937014 4.745603 7.506748 14.166462 13.457669 17.811452 21.746421 18.613088 9.822904 5.886299 8.386503 91.764417 28.308384 9.193865 9.352965 12.584867 13.334560 13.845399 36.799591 111.997955 60.330470 29.581595 17.215951 7.787730 5.669530 8.049489 40.987730 17.025358 22.155419 41.049489 55.918200 50.411861 32.358691 14.532515 7.855624 16.334560 12.331288 18.942331 34.748875 46.345194 35.368098 19.350511 12.447035 83.998364 19.078528 8.635992 9.053170 13.903067 16.623313 18.250307 47.760327 104.052352 18.179141 3.784867 2.889162 6.298569 38.168098 84.206135 96.756646 12.387730 3.894070 4.098978 11.444990 39.618814 105.385685 104.281800 30.320654 21.331288 8.845399 6.314110 12.401636 34.808589 65.793456 58.439673 27.146830 23.508384 9.112474 6.697342 7.701431 12.803681 14.819632 16.141922 22.268303 26.636401 7.484254 5.597955 6.969734 13.402045 45.217996 81.887117 53.510020 18.614315 9.532924 6.421677 5.651125 12.858487 61.904294 81.143149 29.738650 24.539877 11.098160 5.847035 4.701840 8.096115 21.271575 29.515746 22.126789 ]
}
CLUSTER-5 {size: 1606
[ 22.096981 11.163776 7.785485 12.119461 20.656390 22.978163 20.438664 19.868979 18.680154 8.301220 7.065511 13.395633 35.151574 60.301220 53.870263 32.332691 42.926782 10.551702 6.698780 11.405909 19.083494 34.510597 46.585742 54.824663 34.292871 13.567116 9.967245 13.382145 15.000000 10.528581 11.491972 24.365446 26.767502 12.874759 11.732820 29.793834 50.381503 42.398202 26.041105 22.211946 15.348748 5.238279 8.527296 33.361593 64.962107 71.850353 51.863198 25.290302 94.409762 24.626846 9.280026 8.206166 11.044316 21.615928 36.258831 75.956969 77.646757 27.532434 17.795761 20.481053 18.434811 11.380861 12.585100 39.590238 32.480411 21.664740 31.237636 54.134232 42.818882 17.263327 11.198459 19.901092 17.780989 27.403982 79.561336 99.732820 54.730893 14.786127 5.786127 8.009634 90.398844 80.874759 74.990366 38.457290 8.590880 3.101477 3.881824 26.768144 78.391779 46.053950 29.432241 23.912010 16.854207 10.262685 9.901734 28.226718 34.728966 21.173410 22.036609 22.466924 11.691715 6.799615 7.873475 17.297367 34.429030 36.974952 71.944123 66.527938 18.195890 6.694926 8.406551 18.486834 33.005780 57.768786 81.595376 53.831728 15.048812 6.457290 6.308285 11.287091 27.939627 25.850996 24.377649 22.695568 15.897238 8.638407 7.172126 12.413616 ]
}
CLUSTER-6 {size: 834
[ 20.155397 19.742586 10.274021 2.659549 2.546856 22.635824 41.596679 17.953737 13.054567 18.352313 12.377224 6.092527 7.790036 59.645314 94.826809 18.589561 22.211151 9.316726 7.561091 8.661922 14.119810 42.443654 94.422301 47.930012 25.781732 9.729537 7.919336 9.049822 9.069988 8.989324 13.588375 23.335706 15.413998 9.506524 4.364176 3.007117 10.015421 86.157770 102.068802 24.381969 7.903915 3.431791 2.135231 2.804270 8.736655 107.544484 125.393832 23.893238 112.473310 11.448399 1.386714 1.607355 3.075919 33.072361 96.739027 103.765125 101.430605 16.219454 7.355872 9.660735 11.882562 9.934757 10.500593 55.149466 6.763938 6.925267 10.120996 11.013049 17.730724 43.922894 35.236062 9.389087 14.250297 10.080664 13.918149 16.172005 17.023725 28.086595 21.442467 9.595492 124.055753 33.223013 5.938316 4.207592 3.187426 3.864769 6.249110 47.661922 113.228944 19.846975 3.905101 6.240807 12.507711 15.071174 11.351127 44.511269 5.341637 6.972716 9.457888 9.200474 9.979834 9.198102 5.597865 4.935943 15.208778 14.282325 15.416370 15.491103 13.066429 7.590747 5.533808 7.328588 98.877817 36.731910 10.135231 6.520759 5.575326 4.578885 5.862396 25.746145 77.190985 18.440095 2.456702 2.520759 7.983393 11.779359 12.211151 28.307236 ]
}
clustering_time: 12.067348 seconds
Silhouette: [ s1 = 0.137575 ,s2 = 0.017197 ,s3 = 0.098627 ,s4 = 0.099111 ,s5 = 0.037147 ,s6 = 0.174132 ,stotal = 0.088667 ]

