Algorithm: Range Search Hypercube
CLUSTER-1 {size: 2082
[ 14.762299 8.588894 6.123721 10.079396 16.782757 17.727228 15.689722 15.250852 22.392109 8.142231 5.918656 10.314661 25.552362 39.098393 38.012177 31.080857 71.116415 14.634194 7.153434 10.056016 12.559182 18.896736 30.768631 60.825621 43.887969 14.943010 11.205553 15.309791 13.840721 7.320507 7.368729 23.470044 18.450073 10.939113 16.032635 28.905017 36.720896 30.687774 19.622017 16.247443 17.271797 6.763760 12.584023 26.665855 43.127131 48.247930 36.772528 23.490502 110.207014 25.423770 8.276668 6.850463 7.458841 12.802728 24.204579 78.833415 89.533366 26.192401 15.137360 21.117389 17.401851 9.665368 9.934243 40.065270 25.355090 25.246956 56.484657 56.727716 31.027277 12.717974 7.830979 14.292742 15.006332 34.225524 100.357038 86.951291 33.619094 10.109109 4.107647 6.264491 97.813931 90.652216 89.318558 32.438870 5.203117 2.304433 2.849489 24.595714 86.906965 47.799805 24.414028 20.178276 14.532879 9.720896 10.043351 27.690209 28.588894 24.330736 36.191427 23.438870 8.651242 4.959084 7.353629 16.333658 28.620555 38.926449 86.849489 54.011203 11.719922 6.025329 9.027277 18.323429 26.328787 57.467608 89.788602 43.574282 12.357038 7.748660 7.279104 10.287384 24.381393 25.555772 22.709693 18.119825 13.387238 9.123721 7.603507 10.809547 ]
}
CLUSTER-2 {size: 1768
[ 30.780781 15.547147 8.539339 5.076276 8.084084 22.539339 33.813213 26.159760 23.807207 14.136336 9.554955 7.186186 15.313514 65.798799 85.045045 34.776577 30.944144 8.741141 6.907508 8.518318 16.788589 49.900300 85.554354 57.992793 25.598799 9.426426 7.215015 9.825826 16.351952 18.990991 19.722523 26.027027 28.085886 12.115916 6.708108 10.316517 28.048048 63.666066 62.775976 28.855856 14.543544 4.604204 3.706306 10.431832 37.323724 98.929129 99.948348 30.284685 98.336937 15.989189 3.478679 2.907508 7.530931 36.915916 80.833634 94.924925 82.438438 18.799399 8.993393 11.117718 19.515315 22.792793 22.511712 52.354955 21.119520 12.676276 14.708709 22.722523 34.829429 36.566967 23.845045 15.417417 17.564565 18.121922 26.558559 41.059459 46.438438 32.014414 14.788589 8.726126 107.924925 49.128529 19.051652 13.648649 9.243844 6.981982 8.457658 40.118919 89.292492 26.612012 9.516517 11.678679 18.909309 19.084084 15.206006 37.188589 16.564565 13.439039 13.697898 14.872673 16.489489 10.763964 7.038438 9.777778 20.287087 25.562763 32.676877 35.494895 26.985586 10.606006 6.015015 8.841441 69.564565 44.205405 28.292492 21.523123 13.571171 7.583183 6.368769 18.870871 53.307508 19.571772 7.090090 8.334535 13.527327 11.870871 10.002402 20.948949 ]
}
CLUSTER-3 {size: 635
[ 46.053869 16.047992 7.033301 6.944172 9.577865 12.407444 14.312439 23.622919 56.142997 30.244858 25.303624 14.904016 11.428991 18.399608 21.672870 25.727718 26.454456 19.106758 26.862880 23.397649 16.421156 15.759060 20.711068 21.697356 17.866797 11.761019 13.286974 15.001959 13.942214 10.320274 8.229187 12.505387 76.829579 22.016650 9.372184 11.188051 16.993144 24.724780 25.411361 36.421156 88.624878 36.583741 23.596474 14.973555 14.759060 24.345739 24.927522 40.875612 40.229187 17.532811 28.419197 28.745348 24.377081 29.792360 28.605289 29.450539 34.953967 14.381978 17.691479 22.756121 25.737512 28.536729 22.550441 22.315377 72.523996 20.898139 15.748286 15.158668 17.190010 20.075416 18.480901 36.241920 86.811949 21.150833 17.702253 15.830558 13.783546 35.699314 56.962782 66.670911 37.709109 20.497551 16.238002 12.275220 24.053869 73.265426 71.939275 28.970617 42.642507 16.441724 9.285015 12.014691 22.131244 46.685602 52.148874 30.792360 28.653281 12.987267 12.085211 10.727718 11.683643 12.518119 13.117532 19.446621 35.485798 13.984329 18.061704 14.097943 13.240940 37.101861 57.164545 42.001959 29.833497 20.536729 17.631734 10.573947 13.770813 47.920666 54.791381 23.331048 31.554358 14.741430 7.021548 6.246817 9.407444 17.782566 24.757101 19.100881 ]
}
CLUSTER-4 {size: 1612
[ 25.486486 23.204633 22.703668 20.938224 12.834942 6.235521 5.084942 10.949807 34.382239 56.786680 75.166988 47.280888 13.600386 5.090734 4.425676 10.753861 31.771236 39.484556 68.170849 60.555019 20.585907 5.202703 4.537645 12.438224 34.444981 22.344595 21.472008 20.366795 12.446911 5.850386 4.709459 14.771236 73.364865 45.810811 28.711390 21.978764 14.136100 8.873552 9.383205 27.109073 90.782819 84.340734 74.957529 37.622587 9.218147 3.793436 5.100386 29.208494 19.997104 32.318533 77.784749 93.454633 60.880309 17.968147 5.548263 7.537645 35.868726 24.556950 32.565637 46.932432 41.456564 18.390927 8.901544 17.309846 74.324324 25.351351 16.933398 16.856178 14.657336 13.614865 16.111969 41.251931 97.578185 25.669884 9.915058 8.194981 11.032819 22.332046 39.263514 82.162162 20.204633 6.439189 9.920849 32.409266 71.310811 69.586873 45.227799 28.878378 30.125483 12.805019 13.182432 28.666023 47.787645 36.953668 21.801158 23.905405 33.065637 11.052124 8.593629 10.126448 12.511583 11.133205 12.877413 24.344595 51.191120 10.562741 5.877413 9.134170 16.293436 29.183398 46.027027 58.639961 20.705598 5.695946 4.257722 10.598456 35.508687 54.634170 50.488417 35.272201 22.861004 7.845560 5.108108 10.125483 19.965251 19.750000 17.785714 20.857143 ]
}
CLUSTER-5 {size: 2408
[ 36.197495 20.705219 10.000000 7.837161 9.249269 8.503967 9.503132 16.481002 41.384551 46.729436 50.219624 27.346138 13.399165 13.623382 14.275574 16.404175 22.050939 27.313152 54.238831 46.580793 20.991649 12.450939 14.576200 17.048017 17.278914 14.949478 20.194572 22.334029 16.528601 9.209603 7.777871 12.160334 81.373695 30.594990 11.064718 11.348225 14.498539 15.898121 14.559916 30.764927 92.351983 64.615866 45.531942 22.601670 12.508559 16.681002 16.141127 31.699374 28.498539 25.476409 56.614196 64.974113 45.850939 26.171190 17.172443 19.667223 25.829645 15.362422 25.341962 44.052192 47.455115 27.198330 13.832568 15.787891 77.072651 19.012526 13.557829 14.894363 15.788727 14.709395 14.276827 41.373278 89.786639 20.125678 14.728184 13.499374 11.634238 31.002505 63.372860 82.067223 26.430063 15.167432 14.419207 17.584551 39.345720 82.871399 79.135699 29.307307 27.931106 13.246347 9.883925 17.970355 41.130271 55.167850 38.832985 22.781211 25.501461 11.199582 10.561169 9.982046 11.600418 10.407933 11.996242 21.045929 29.007098 11.795407 15.364092 13.550731 13.279749 32.972025 63.360334 49.963674 20.975365 15.610856 15.973278 11.007516 13.864301 51.219207 65.129854 26.772860 21.382881 12.166180 8.073486 7.122338 11.223382 20.022965 23.365344 18.807933 ]
}
CLUSTER-6 {size: 1495
[ 26.706557 18.755191 14.011475 11.446995 10.897814 10.701093 11.875410 14.421311 27.724590 37.275410 58.501639 28.555191 13.249727 18.812568 22.246448 16.847541 28.535519 30.008743 60.144262 32.159563 12.309290 14.108743 21.275956 24.690710 23.009290 20.948087 28.224590 18.728415 11.094536 7.546995 7.785792 14.113115 73.655191 32.892896 14.924044 15.363388 17.387978 19.649727 17.456831 29.585792 80.401093 63.353005 67.067213 28.056831 13.929508 22.360656 21.875956 30.179781 37.940437 32.312568 76.178689 58.582514 21.518579 16.802732 18.769399 27.253552 33.771038 24.387432 46.487978 43.718033 27.093443 16.191257 10.943716 18.409290 76.198907 21.877596 17.714208 22.173770 18.465574 12.705464 11.159016 35.288525 90.070492 27.049180 23.113115 22.244809 15.398361 16.258470 26.368306 63.915301 40.813115 24.293443 26.018033 24.422404 27.502732 40.358470 36.625137 27.939344 32.293989 16.711475 16.334426 25.077049 30.639891 32.735519 23.739891 19.674863 41.180328 16.789617 13.174317 13.144809 10.873224 7.151366 6.963934 19.785246 63.369399 21.940437 20.539344 17.916393 12.728962 16.536066 27.987432 47.154098 27.663934 19.273770 20.260656 16.287432 18.703825 31.857377 34.112022 25.640984 19.180328 10.984153 7.945355 10.644809 14.624590 17.819672 16.789617 14.633333 ]
}
clustering_time: 2.099479 seconds
Silhouette: [ s1 = 0.137041 ,s2 = 0.136433 ,s3 = 0.085061 ,s4 = 0.147369 ,s5 = -0.109884 ,s6 = -0.152866 ,stotal = 0.032497 ]

