Algorithm: Lloyds
CLUSTER-1 {size: 148056
[ 8.704127 4.431299 5.743613 13.837422 19.852125 13.232188 14.530410 12.318796 25.006252 6.198357 5.782698 12.185399 22.965259 19.869841 25.503170 31.004853 91.031883 17.479392 7.957087 8.434367 7.575489 6.382691 14.825434 59.059259 58.060969 16.392710 11.485515 13.242683 10.897339 3.878632 4.010603 24.517750 12.520567 8.566651 19.268952 36.047719 32.050889 17.037551 15.474674 12.680193 22.363325 8.082378 17.961614 33.925244 33.473351 22.034863 23.010100 24.538915 119.133634 29.855362 10.486845 7.275394 5.476507 4.821796 12.058838 73.179256 97.599966 27.093117 16.061444 19.525638 15.723622 6.352057 6.503014 39.992941 21.098704 26.254039 68.737714 54.086981 20.238155 6.482080 5.372780 10.911058 14.838080 38.176385 112.641922 80.999043 19.524403 4.729093 3.475801 5.479745 101.295466 92.184944 98.942642 31.720262 3.751670 1.449206 2.247115 23.898154 93.131652 48.585345 24.095547 19.226697 13.916501 6.537809 7.012693 28.978292 26.145493 26.023561 43.417119 20.769604 5.878211 3.589696 7.396687 14.597998 28.333064 40.882541 90.567207 43.281645 7.558777 6.078978 11.885739 17.390592 26.554120 53.209707 91.246769 40.664737 10.117832 7.878944 10.961641 11.238182 28.233512 24.697061 23.009700 17.338888 11.249973 6.941359 7.700923 12.314933 ]
}
CLUSTER-2 {size: 138620
[ 69.458909 17.935971 3.441852 3.637756 7.984984 8.745873 9.304533 23.104295 85.190812 41.899975 15.679442 10.895626 10.137247 6.610926 6.129999 21.663409 18.464722 24.388605 24.525628 27.221838 30.549436 11.869150 5.047369 6.091623 10.096874 11.510605 12.694955 14.764177 22.800036 13.173474 5.562187 5.211366 102.511464 21.441239 4.907295 6.043540 13.113627 14.473268 13.729667 40.389074 118.322433 45.585323 11.347481 7.417720 7.535466 7.150914 9.797562 45.424918 19.146529 19.231806 20.616862 27.629555 44.621874 41.893917 18.856464 8.556547 14.161026 10.380239 11.433335 17.103624 39.126515 46.028697 24.705305 10.919693 88.825005 14.987761 5.646655 6.719267 13.957477 15.956951 19.683012 56.259356 103.710923 12.889633 2.063323 1.764422 5.237770 35.960694 91.903819 103.286026 13.049836 4.020043 2.827969 5.041015 27.268609 107.471790 111.086690 29.587552 21.793841 8.416559 4.212809 5.587112 23.000216 73.737579 70.018211 26.049194 24.651019 8.079954 5.635852 6.253507 11.136620 14.007681 18.339865 24.911637 26.674191 8.111579 7.108658 5.760997 9.951924 40.170026 86.910331 55.694674 19.458029 12.091601 9.268804 5.002777 9.706458 58.240056 85.888947 28.354491 23.907627 11.939591 6.869042 3.507685 6.391122 22.816862 33.980780 20.968007 ]
}
CLUSTER-3 {size: 147938
[ 27.890231 14.161930 8.327932 3.817733 6.559525 22.959543 36.457753 24.350448 23.265346 14.486182 11.500382 6.198010 11.206757 61.949490 86.002537 32.404354 31.249048 9.612654 8.433364 7.041343 12.707897 47.574084 86.033435 55.614690 29.246504 10.222879 6.694590 7.545995 14.377482 16.943502 19.006129 25.175515 23.090974 9.059786 4.727842 5.839579 21.471900 67.401865 71.651318 28.211845 13.788548 4.067640 2.955281 4.654816 24.306351 102.291169 110.311892 30.809696 104.351740 13.520753 2.094039 1.709501 5.260989 36.449946 87.718336 98.813092 90.365149 17.996029 6.800624 8.589469 17.957791 18.876417 20.616693 53.507621 14.236850 10.563598 12.243121 16.473612 34.576033 41.381433 24.546353 11.115364 19.283463 18.828017 20.667095 24.424312 38.707870 38.577440 19.491405 8.930269 116.694935 43.616896 11.514197 6.362964 6.802376 7.016771 10.079893 45.162505 99.745283 22.849659 5.635988 7.486899 16.468253 17.067816 15.558551 41.591647 10.155875 11.440292 12.999256 13.528797 20.485911 12.810021 5.919526 5.469288 19.083262 24.150090 24.245800 23.800299 27.456272 11.927597 5.773224 6.703013 82.083025 38.850762 15.993356 9.786958 9.511302 7.084615 6.868542 22.525516 67.234597 17.320923 3.814479 4.183626 9.657664 10.143819 10.339433 24.644817 ]
}
CLUSTER-4 {size: 189830
[ 25.228966 10.677771 6.901539 8.346181 16.191289 23.233701 24.712238 23.305452 20.640755 8.751430 7.251548 9.714488 28.871493 64.148022 67.898943 35.249283 38.853216 9.229967 6.319586 8.815314 17.957666 39.487662 62.941450 58.621565 30.958621 11.308389 8.017213 10.728627 15.308242 14.248617 16.164793 25.161872 28.250358 11.139982 9.422614 21.343438 47.527694 48.372230 32.785221 25.102856 15.422525 4.997268 6.819698 23.299043 62.482864 85.835233 70.282224 28.857831 95.161086 20.979861 6.528271 5.607311 10.219106 27.354320 55.265992 85.641815 77.663863 22.813263 12.404526 14.401253 18.296463 15.344466 17.905210 45.070728 29.930316 19.622153 28.037855 45.567112 46.637981 21.591079 11.395726 16.306249 16.273654 28.319192 70.817810 84.471850 60.138760 21.782646 7.370673 6.833743 93.465546 76.665997 62.099798 29.649986 9.510313 4.520231 5.924930 28.844437 78.951965 38.942761 20.447862 17.314803 16.706002 11.559507 11.541864 30.625058 27.705934 21.191137 23.842816 22.475259 14.737024 7.183438 6.728349 13.551074 25.460370 37.292917 68.648344 59.512789 24.110817 8.116832 7.215057 11.821214 35.343165 55.538393 69.105520 42.464670 16.569236 7.635715 6.393318 10.815807 30.454627 23.954498 19.261272 16.508551 13.971354 8.751756 7.409545 13.348583 ]
}
CLUSTER-5 {size: 144224
[ 24.077893 24.412088 21.096057 14.100925 9.205833 5.969099 6.392312 9.638029 23.107860 53.660176 90.221799 34.358846 8.372364 6.281990 8.701339 9.328740 24.332315 36.149265 90.338572 42.205508 7.118965 4.827073 9.274931 14.306959 23.844941 23.072963 41.412240 21.332017 5.938958 3.313873 6.028986 12.886138 90.623335 51.913506 22.672712 16.393287 11.136604 5.500221 5.741575 23.818914 100.903742 97.486918 100.797894 31.172173 4.080009 1.575480 2.260368 23.093139 14.057149 36.218314 112.697529 88.408403 23.626972 5.433115 3.461430 5.590726 20.847340 24.683471 68.144992 61.008560 22.278263 6.521034 5.206241 10.748662 98.851931 26.227967 14.047669 16.535472 12.748544 5.508235 5.887472 37.643498 119.983868 30.373069 10.215707 7.527534 6.448964 5.794174 12.063538 76.300100 21.776459 7.631564 17.215182 37.106111 41.156207 26.308992 23.411065 25.689943 12.932057 8.306323 18.749589 39.443197 37.589426 18.526524 15.116690 13.330627 57.851025 14.847879 10.097980 11.428987 9.071421 3.484069 3.738733 24.702922 92.767235 16.261212 7.181770 8.080423 8.266066 7.002524 14.380765 63.209166 24.194797 5.670002 5.090394 12.708212 27.526835 23.852125 26.150157 31.617873 8.797790 4.214850 5.402504 14.261834 22.815374 14.968124 14.462378 12.533287 ]
}
CLUSTER-6 {size: 231332
[ 29.501171 23.432688 15.789427 13.162968 11.534287 7.780025 6.774711 12.301056 32.641997 57.462032 69.356085 38.160551 14.190597 6.562652 5.347640 9.426738 21.584236 35.682522 71.733861 58.144714 19.646258 6.689819 5.946492 9.701633 23.164133 20.760698 25.159975 23.053279 13.347800 6.511993 5.970054 11.159343 83.511266 38.621271 16.468186 13.971176 13.511387 10.237254 10.480017 29.025325 99.470048 84.069133 64.871928 29.618742 8.665230 4.488565 5.914662 29.951021 15.405479 30.914900 77.606893 87.745709 57.590762 22.648324 8.063780 6.824911 24.205780 19.319847 30.214259 49.008622 47.405401 21.876674 11.280140 14.044068 81.316534 21.092033 10.988502 12.181814 14.434918 12.787209 15.290693 45.538878 100.708865 21.515163 6.424027 5.234509 9.271777 28.053686 59.453851 93.928386 14.701568 5.216649 7.199340 21.805086 59.542346 92.181065 78.154921 31.027724 23.263580 9.871772 8.778405 19.697653 47.219486 53.524201 35.550917 23.846187 28.940901 10.400508 7.325671 9.207681 12.337572 11.597431 13.810421 24.708354 35.341738 8.109983 5.310402 7.438811 15.259847 35.885236 64.912878 61.233777 17.654625 7.345198 5.815730 7.739460 23.562865 64.042613 71.307877 33.027014 21.686597 9.102340 5.923834 6.899068 13.772975 23.528870 25.348346 21.853779 ]
}
clustering_time: 130.402824 seconds
