Algorithm: Range Search LSH
CLUSTER-1 {size: 1301
[ 21.226002 10.025699 7.363568 13.695389 22.587302 20.786092 17.172336 18.756614 20.562358 8.392290 7.591837 14.445200 36.102797 50.727135 43.244898 32.283447 47.126984 11.931973 8.476946 12.823129 18.330310 26.850340 35.617536 52.509448 35.300076 14.164777 10.736961 15.232804 16.018141 9.489040 9.340136 23.109599 28.805745 12.940287 13.754346 34.487528 48.371126 34.111111 20.759637 22.559335 19.249433 7.507937 11.637188 38.700680 61.510960 57.060469 39.111867 25.507181 92.447468 26.547997 12.247166 10.848073 11.876039 17.024187 27.425548 70.583522 74.804233 29.217687 20.000000 24.895692 20.225246 11.473167 11.447468 36.206349 38.650794 22.575208 29.804989 52.473923 38.860922 15.036281 11.192744 22.792895 23.032502 29.147392 80.835223 97.563114 48.924414 13.058957 6.640212 10.933485 86.115646 81.291761 78.817838 40.674225 8.998488 5.024187 4.996977 25.173847 74.483749 49.504913 33.712018 27.757370 18.279667 10.786092 9.721088 25.278156 39.489040 21.607710 20.527589 20.947846 11.243386 6.494331 7.720333 19.315193 41.834467 39.229781 70.777778 61.812547 16.142857 6.683296 9.562358 22.753590 33.843537 59.126984 83.798186 52.899471 13.733182 7.284203 7.830688 12.486772 25.826909 26.623583 27.442933 25.117158 16.461073 8.783069 6.849584 11.357521 ]
}
CLUSTER-2 {size: 1493
[ 33.253569 12.762746 6.723317 6.226377 12.014276 22.141400 25.808973 28.154317 28.369137 11.554045 8.222978 7.923182 20.233175 65.858600 75.686608 42.139361 34.965330 8.464310 7.325629 8.905506 16.526173 48.373895 77.557444 64.118287 25.517335 9.886472 7.084296 10.392250 18.490823 21.668253 22.400408 27.080897 33.766825 14.090415 8.738273 15.711081 42.099252 51.865398 33.989123 27.669613 19.158396 6.293678 5.922502 14.555404 56.445955 94.948334 80.985044 32.293678 91.118287 17.712441 5.727396 4.701564 10.078858 36.267845 70.008158 91.197145 73.350782 19.626785 9.382053 11.684568 21.482665 25.203263 27.371856 51.466349 28.205303 16.605710 21.155676 35.734194 49.057784 31.886472 15.519375 16.838205 19.048266 25.317471 44.994562 62.081577 64.352821 33.300476 10.409925 8.640381 96.381373 65.711081 35.683209 20.195105 11.694086 8.713120 9.392930 32.040789 78.208702 33.159075 13.489463 14.159075 20.471788 18.140721 16.349422 32.441876 21.959891 18.110129 20.292318 21.464990 19.968049 11.062542 7.840925 12.526852 21.320870 33.401088 52.305914 52.473148 32.271924 11.573080 7.467029 10.985724 44.915024 51.791978 47.121006 32.751869 17.300476 9.679130 7.671652 12.929300 36.877634 22.447995 11.042148 11.668933 15.632903 11.705642 9.191706 14.950374 ]
}
CLUSTER-3 {size: 1078
[ 24.411439 19.522140 10.085793 3.725092 3.946494 21.699262 39.283210 20.551661 18.368081 19.635609 13.837638 7.459410 8.939114 58.773063 88.792435 22.705720 27.678044 10.982472 10.133764 10.235240 15.004613 42.976937 87.951107 49.968635 26.898524 10.226015 8.699262 10.040590 12.625461 11.988007 13.753690 23.000000 21.725092 11.523063 5.056273 4.250000 12.009225 76.149446 88.650369 26.237085 14.818266 7.556273 5.166974 4.759225 11.692804 98.846863 113.308118 26.548893 107.761070 14.273063 5.214022 5.216790 6.342251 33.559041 85.312731 96.280443 93.059041 16.947417 9.096863 12.095018 18.521218 16.923432 12.967712 50.765683 12.166052 8.998155 11.390221 12.055351 18.973247 40.600554 31.194649 12.141144 19.670664 12.894834 16.548893 16.899446 18.648524 28.568266 21.452030 13.663284 116.460332 35.372694 9.389299 5.690037 6.632841 8.629151 10.583026 46.663284 101.499077 20.079336 4.902214 7.522140 17.514760 21.563653 14.710332 41.950185 7.677122 9.086716 10.785055 10.081181 10.846863 9.083948 5.696494 5.952030 18.360701 17.808118 18.979705 16.047970 13.627306 8.749077 7.630996 9.867159 86.937269 36.515683 14.110701 8.192804 7.747232 8.261070 9.416052 24.595018 66.882841 17.825646 3.431734 3.782288 10.148524 13.168819 12.719557 25.628229 ]
}
CLUSTER-4 {size: 2683
[ 45.383309 20.585303 8.632201 7.746307 8.747415 7.736337 8.341211 19.568316 57.165066 50.030650 43.634786 27.161743 11.674298 5.764402 5.448301 17.497046 18.728582 28.682053 48.883309 48.781388 25.094165 8.883309 5.253693 8.238922 15.125185 13.858567 18.168021 21.945347 17.831610 9.553176 6.100812 8.899557 90.059084 29.646972 10.212334 10.101182 12.759970 12.862260 13.296160 35.460857 109.720458 63.716027 35.081610 19.250369 8.008124 6.056130 8.401403 39.108567 17.537666 22.885524 45.830133 60.717873 51.235598 30.945716 13.854136 8.423191 17.446455 12.991507 20.225997 37.475628 47.039513 33.544682 18.300591 12.756278 82.973412 19.088626 9.243353 9.798375 14.153988 16.228951 17.624077 46.679468 103.177253 18.626662 4.638479 3.735968 6.807976 36.815731 80.747046 95.826440 13.325702 4.695347 4.886632 13.271418 42.098597 103.269941 100.427991 30.040251 21.715288 9.367430 6.840842 13.916174 37.391802 63.937592 54.297637 26.236706 23.651773 8.915436 6.746307 7.916913 12.983383 14.527696 15.740030 22.322378 27.149926 7.552068 5.850443 7.154727 13.449778 43.616322 79.981167 54.340103 18.633309 9.731905 6.813146 5.985968 13.566100 61.572747 79.652880 30.015140 24.107829 11.161004 5.887740 5.045421 8.875185 21.096750 28.117799 21.546160 ]
}
CLUSTER-5 {size: 1084
[ 8.846995 7.066485 5.193989 7.027322 10.546448 11.988160 11.208561 10.164845 27.070128 10.070128 6.905282 7.732240 13.429872 19.040073 22.344262 27.704007 100.884335 19.692168 9.095628 9.957195 6.590164 7.457195 15.346995 64.259563 54.971767 16.782332 12.308743 17.819672 12.200364 4.499089 3.887067 22.816029 10.857923 10.657559 21.864299 26.260474 18.628415 18.297814 14.956284 9.867031 20.812386 10.907104 19.032787 17.381603 17.011840 24.332423 22.638434 20.536430 122.949909 26.489071 9.269581 7.605647 4.809654 5.893443 12.482696 77.593807 102.725865 24.099271 12.575592 22.568306 16.367942 7.400729 6.980874 39.728597 16.428962 29.148452 88.884335 59.530965 14.806922 6.241348 4.781421 8.696721 11.293260 37.960838 118.076503 72.060109 10.293260 5.121129 4.310565 6.239526 104.556466 94.931694 100.744991 25.355191 3.798725 3.434426 4.022769 23.671220 96.576503 44.850638 15.515483 15.248634 13.132969 9.816029 10.959927 29.220401 20.130237 26.729508 51.242259 22.701275 4.918944 3.126594 7.140255 14.747723 17.734973 35.042805 98.411658 40.150273 6.663934 7.055556 11.619308 17.149362 17.809654 50.563752 93.093807 32.422587 10.767760 10.947177 10.298725 10.089253 21.710383 22.968124 17.970856 11.047359 9.855191 8.992714 8.858834 10.708561 ]
}
CLUSTER-6 {size: 2361
[ 23.521589 22.085924 20.483161 16.250432 11.219344 6.604059 6.356218 10.160622 23.761658 49.296632 84.722366 40.671416 11.431779 7.220639 7.411917 9.554404 24.700777 37.093264 81.548359 46.490501 10.627807 5.822971 7.634715 13.671848 23.932211 23.896805 31.984456 20.143782 8.159758 4.698618 5.663644 12.973661 87.062176 44.781952 21.163644 15.748273 11.518998 8.025475 9.197323 29.639465 96.218048 88.545337 94.960276 35.780656 5.743092 3.454663 4.329016 27.335492 14.600604 35.681779 104.843264 89.893782 36.081606 11.955095 5.069948 6.408031 21.504318 25.510363 53.936528 56.014680 33.199914 13.466753 7.163212 10.724957 92.294473 25.200777 14.437824 15.772884 11.787997 7.973230 9.294473 40.750432 111.411054 27.816926 9.883420 7.172280 8.006477 15.154145 26.414508 80.208117 19.468048 7.247841 14.378670 29.694732 49.482729 53.256045 38.219344 25.798791 17.001295 10.427893 16.126511 30.929620 42.763817 35.174439 19.985751 15.443005 46.286269 15.550950 10.587651 11.099741 9.163212 5.589810 7.183938 23.500000 72.379534 15.904145 7.154145 8.316062 11.722798 19.932211 32.948187 60.011658 20.531520 6.582038 5.632988 10.528497 28.354491 44.664076 40.305268 29.960276 13.379102 6.243955 5.534974 10.446891 18.699914 20.535406 17.448618 15.156304 ]
}
clustering_time: 1.867048 seconds
Silhouette: [ s1 = 0.011440 ,s2 = 0.022128 ,s3 = 0.099039 ,s4 = 0.089502 ,s5 = 0.119257 ,s6 = 0.085311 ,stotal = 0.072551 ]

