Algorithm: Range Search LSH
CLUSTER-1 {size: 12
[ 51.416667 28.833333 9.083333 3.583333 4.250000 16.000000 17.000000 21.666667 56.166667 43.916667 3.000000 6.083333 11.333333 66.416667 78.500000 25.000000 34.833333 4.750000 3.666667 15.833333 7.333333 61.833333 93.166667 61.750000 30.666667 4.166667 6.583333 9.416667 9.916667 23.333333 20.250000 26.750000 41.750000 24.000000 12.583333 4.000000 16.666667 71.333333 49.083333 16.250000 25.250000 6.083333 3.583333 2.416667 20.666667 106.666667 106.583333 25.416667 111.250000 10.500000 6.250000 0.666667 3.416667 57.666667 86.083333 97.916667 91.833333 7.083333 15.916667 4.500000 12.416667 45.166667 25.916667 46.500000 15.500000 16.083333 12.750000 9.166667 17.666667 57.916667 33.833333 17.000000 12.916667 4.416667 4.000000 8.250000 30.833333 47.750000 19.916667 11.833333 107.416667 18.416667 4.833333 0.333333 1.000000 8.916667 11.416667 49.666667 86.666667 4.916667 10.666667 3.666667 9.750000 36.083333 25.750000 46.500000 3.000000 4.666667 3.416667 4.583333 17.666667 19.750000 6.333333 1.916667 12.750000 4.750000 3.666667 2.583333 14.916667 10.583333 4.250000 5.833333 71.083333 22.833333 4.583333 1.250000 1.833333 5.166667 4.000000 23.083333 53.583333 7.500000 2.500000 1.583333 5.500000 13.083333 5.083333 17.000000 ]
}
CLUSTER-2 {size: 9
[ 45.555556 3.888889 1.222222 1.222222 10.555556 14.888889 24.444444 31.222222 63.888889 19.000000 9.333333 9.888889 6.222222 3.555556 7.555556 27.000000 21.666667 12.888889 5.111111 2.444444 0.888889 2.111111 1.888889 4.555556 1.666667 1.888889 2.222222 2.000000 0.555556 2.777778 1.888889 5.888889 75.111111 8.666667 4.444444 2.444444 17.888889 50.777778 35.222222 51.444444 113.555556 16.555556 7.666667 11.111111 2.777778 9.555556 17.000000 73.888889 16.222222 4.222222 2.333333 14.666667 4.111111 10.444444 14.777778 12.111111 6.111111 3.444444 1.888889 1.666667 4.777778 27.444444 16.888889 12.222222 81.888889 36.111111 27.222222 20.000000 29.888889 50.222222 18.777778 25.444444 131.000000 30.444444 3.000000 3.000000 19.444444 57.333333 64.666667 69.888889 12.111111 0.111111 1.333333 9.666667 9.666667 81.888889 118.666667 41.555556 21.222222 3.666667 2.444444 5.555556 17.333333 54.777778 82.333333 40.444444 34.000000 23.333333 15.777778 12.111111 38.222222 26.222222 12.888889 19.444444 57.888889 17.111111 2.444444 4.555556 46.000000 95.111111 64.111111 42.444444 9.444444 2.888889 2.555556 5.333333 17.444444 90.000000 104.222222 38.777778 37.111111 8.000000 0.666667 1.222222 5.888889 23.888889 60.888889 45.555556 ]
}
CLUSTER-3 {size: 31
[ 18.967742 18.129032 15.709677 9.129032 10.064516 3.741935 3.225806 7.096774 25.612903 56.258065 77.161290 28.516129 4.516129 2.967742 5.580645 8.451613 26.354839 32.161290 77.806452 41.258065 7.677419 2.870968 4.870968 16.967742 22.290323 13.548387 30.838710 23.741935 7.774194 3.580645 6.258065 16.645161 82.451613 42.354839 19.193548 14.322581 8.838710 4.064516 6.129032 22.354839 109.806452 101.000000 96.774194 35.516129 4.322581 0.838710 2.580645 32.000000 14.806452 36.161290 106.419355 92.354839 26.903226 6.580645 3.903226 5.967742 19.354839 30.483871 65.741935 63.419355 28.419355 5.483871 4.903226 10.354839 94.419355 23.838710 5.580645 12.322581 10.387097 5.967742 5.838710 32.322581 121.419355 30.419355 6.483871 7.322581 7.032258 12.354839 33.516129 91.129032 20.290323 7.225806 16.903226 27.806452 32.806452 48.967742 54.064516 37.387097 12.741935 9.032258 16.612903 28.387097 36.548387 31.935484 33.451613 16.612903 41.483871 13.483871 6.774194 6.903226 7.419355 5.483871 8.419355 21.677419 71.225806 10.774194 2.709677 6.903226 13.483871 17.290323 41.290323 71.903226 18.612903 4.290323 3.290323 4.580645 24.709677 44.290323 55.129032 44.064516 15.483871 3.580645 3.548387 3.935484 11.774194 26.064516 26.419355 21.419355 ]
}
CLUSTER-4 {size: 7
[ 55.285714 28.285714 29.142857 23.142857 10.714286 2.714286 2.000000 10.857143 13.428571 43.571429 90.571429 55.000000 14.000000 2.428571 1.571429 5.857143 6.428571 30.714286 107.285714 60.142857 17.428571 2.428571 1.285714 2.285714 14.000000 34.428571 24.714286 12.142857 15.000000 8.571429 9.857143 4.285714 74.857143 11.571429 9.142857 9.428571 5.142857 17.857143 41.857143 83.142857 75.428571 44.285714 58.428571 21.714286 5.714286 4.857143 19.142857 72.714286 10.571429 24.000000 57.142857 53.428571 62.285714 51.571429 24.000000 10.142857 9.428571 26.285714 20.000000 20.428571 60.428571 46.000000 25.857143 3.714286 70.142857 14.142857 9.285714 0.285714 1.285714 8.857143 18.142857 49.285714 101.000000 18.714286 5.000000 2.000000 10.142857 35.857143 71.285714 98.000000 10.714286 1.571429 0.571429 7.857143 60.857143 110.857143 78.857143 21.428571 47.142857 25.714286 3.000000 2.142857 33.142857 63.571429 40.428571 13.571429 30.000000 10.000000 5.714286 0.714286 1.285714 4.285714 10.142857 20.000000 57.428571 14.857143 4.571429 4.857143 34.428571 36.142857 29.857143 34.428571 16.428571 1.857143 2.142857 17.857143 51.857143 50.428571 23.571429 9.285714 40.714286 7.857143 0.571429 6.000000 10.571429 11.142857 3.142857 6.000000 ]
}
CLUSTER-5 {size: 19
[ 39.263158 14.210526 5.105263 8.526316 12.315789 8.368421 8.526316 14.578947 69.631579 40.052632 37.210526 33.947368 12.526316 4.105263 3.736842 14.578947 19.526316 16.842105 34.263158 54.894737 26.526316 9.315789 5.105263 11.315789 20.578947 11.421053 11.315789 20.631579 15.578947 12.210526 11.684211 19.368421 81.052632 23.736842 8.105263 7.473684 8.631579 8.052632 7.157895 27.473684 111.631579 55.315789 26.157895 29.684211 10.473684 3.315789 4.473684 28.736842 16.789474 14.473684 50.736842 75.894737 52.894737 37.105263 9.842105 4.421053 22.736842 7.842105 23.157895 39.421053 51.157895 42.052632 20.473684 13.842105 80.263158 13.210526 7.210526 8.315789 9.157895 17.947368 27.473684 48.631579 96.052632 20.842105 3.473684 2.368421 7.684211 34.736842 95.842105 100.684211 11.000000 3.368421 8.000000 15.263158 51.789474 117.210526 104.368421 27.947368 19.473684 6.789474 9.368421 13.315789 39.947368 83.578947 45.315789 18.789474 14.000000 4.000000 6.052632 6.368421 5.842105 15.421053 24.368421 25.210526 14.368421 7.368421 6.736842 5.578947 6.736842 31.263158 95.631579 59.684211 11.947368 12.263158 15.684211 3.157895 5.105263 58.473684 93.105263 29.263158 28.105263 16.263158 12.578947 3.052632 10.210526 19.210526 20.578947 17.789474 ]
}
CLUSTER-6 {size: 22
[ 13.909091 12.590909 10.909091 16.818182 22.363636 17.772727 14.636364 15.636364 22.954545 20.000000 10.136364 10.000000 18.409091 42.909091 55.045455 36.954545 66.363636 16.818182 8.363636 9.318182 13.909091 27.454545 50.636364 52.090909 38.590909 10.909091 8.272727 14.136364 9.181818 11.909091 21.045455 25.454545 16.227273 7.227273 16.863636 27.045455 48.136364 44.590909 32.000000 24.136364 19.272727 7.227273 14.954545 24.772727 45.681818 69.681818 59.454545 30.318182 109.181818 19.363636 5.500000 6.454545 9.727273 23.863636 50.954545 91.545455 88.363636 17.454545 6.772727 19.227273 17.727273 17.045455 20.045455 42.636364 19.227273 17.318182 47.909091 50.318182 42.500000 21.363636 13.909091 20.090909 13.090909 29.590909 90.363636 77.500000 37.045455 15.772727 5.590909 5.363636 102.318182 84.681818 84.136364 31.227273 7.181818 3.227273 5.000000 24.727273 84.954545 42.409091 16.954545 19.454545 15.545455 9.500000 7.454545 27.000000 24.727273 23.363636 34.000000 24.318182 15.500000 4.318182 7.863636 13.954545 27.363636 33.590909 78.000000 54.181818 14.409091 6.272727 8.545455 15.272727 28.363636 55.136364 78.363636 37.227273 6.909091 5.636364 6.863636 9.000000 17.818182 23.181818 21.545455 11.545455 11.636364 10.181818 9.000000 7.409091 ]
}
clustering_time: 0.014138 seconds
Silhouette: [ s1 = 0.215128 ,s2 = 0.190444 ,s3 = 0.114556 ,s4 = 0.160544 ,s5 = 0.111892 ,s6 = 0.188596 ,stotal = 0.152456 ]

CLUSTER-1 {
[ 51.416667 28.833333 9.083333 3.583333 4.250000 16.000000 17.000000 21.666667 56.166667 43.916667 3.000000 6.083333 11.333333 66.416667 78.500000 25.000000 34.833333 4.750000 3.666667 15.833333 7.333333 61.833333 93.166667 61.750000 30.666667 4.166667 6.583333 9.416667 9.916667 23.333333 20.250000 26.750000 41.750000 24.000000 12.583333 4.000000 16.666667 71.333333 49.083333 16.250000 25.250000 6.083333 3.583333 2.416667 20.666667 106.666667 106.583333 25.416667 111.250000 10.500000 6.250000 0.666667 3.416667 57.666667 86.083333 97.916667 91.833333 7.083333 15.916667 4.500000 12.416667 45.166667 25.916667 46.500000 15.500000 16.083333 12.750000 9.166667 17.666667 57.916667 33.833333 17.000000 12.916667 4.416667 4.000000 8.250000 30.833333 47.750000 19.916667 11.833333 107.416667 18.416667 4.833333 0.333333 1.000000 8.916667 11.416667 49.666667 86.666667 4.916667 10.666667 3.666667 9.750000 36.083333 25.750000 46.500000 3.000000 4.666667 3.416667 4.583333 17.666667 19.750000 6.333333 1.916667 12.750000 4.750000 3.666667 2.583333 14.916667 10.583333 4.250000 5.833333 71.083333 22.833333 4.583333 1.250000 1.833333 5.166667 4.000000 23.083333 53.583333 7.500000 2.500000 1.583333 5.500000 13.083333 5.083333 17.000000 ]
55, 56, 88, 42, 66, 77, 81, 87, 89, 68, 34, 38}

CLUSTER-2 {
[ 45.555556 3.888889 1.222222 1.222222 10.555556 14.888889 24.444444 31.222222 63.888889 19.000000 9.333333 9.888889 6.222222 3.555556 7.555556 27.000000 21.666667 12.888889 5.111111 2.444444 0.888889 2.111111 1.888889 4.555556 1.666667 1.888889 2.222222 2.000000 0.555556 2.777778 1.888889 5.888889 75.111111 8.666667 4.444444 2.444444 17.888889 50.777778 35.222222 51.444444 113.555556 16.555556 7.666667 11.111111 2.777778 9.555556 17.000000 73.888889 16.222222 4.222222 2.333333 14.666667 4.111111 10.444444 14.777778 12.111111 6.111111 3.444444 1.888889 1.666667 4.777778 27.444444 16.888889 12.222222 81.888889 36.111111 27.222222 20.000000 29.888889 50.222222 18.777778 25.444444 131.000000 30.444444 3.000000 3.000000 19.444444 57.333333 64.666667 69.888889 12.111111 0.111111 1.333333 9.666667 9.666667 81.888889 118.666667 41.555556 21.222222 3.666667 2.444444 5.555556 17.333333 54.777778 82.333333 40.444444 34.000000 23.333333 15.777778 12.111111 38.222222 26.222222 12.888889 19.444444 57.888889 17.111111 2.444444 4.555556 46.000000 95.111111 64.111111 42.444444 9.444444 2.888889 2.555556 5.333333 17.444444 90.000000 104.222222 38.777778 37.111111 8.000000 0.666667 1.222222 5.888889 23.888889 60.888889 45.555556 ]
93, 67, 74, 86, 95, 52, 65, 71, 98}

CLUSTER-3 {
[ 18.967742 18.129032 15.709677 9.129032 10.064516 3.741935 3.225806 7.096774 25.612903 56.258065 77.161290 28.516129 4.516129 2.967742 5.580645 8.451613 26.354839 32.161290 77.806452 41.258065 7.677419 2.870968 4.870968 16.967742 22.290323 13.548387 30.838710 23.741935 7.774194 3.580645 6.258065 16.645161 82.451613 42.354839 19.193548 14.322581 8.838710 4.064516 6.129032 22.354839 109.806452 101.000000 96.774194 35.516129 4.322581 0.838710 2.580645 32.000000 14.806452 36.161290 106.419355 92.354839 26.903226 6.580645 3.903226 5.967742 19.354839 30.483871 65.741935 63.419355 28.419355 5.483871 4.903226 10.354839 94.419355 23.838710 5.580645 12.322581 10.387097 5.967742 5.838710 32.322581 121.419355 30.419355 6.483871 7.322581 7.032258 12.354839 33.516129 91.129032 20.290323 7.225806 16.903226 27.806452 32.806452 48.967742 54.064516 37.387097 12.741935 9.032258 16.612903 28.387097 36.548387 31.935484 33.451613 16.612903 41.483871 13.483871 6.774194 6.903226 7.419355 5.483871 8.419355 21.677419 71.225806 10.774194 2.709677 6.903226 13.483871 17.290323 41.290323 71.903226 18.612903 4.290323 3.290323 4.580645 24.709677 44.290323 55.129032 44.064516 15.483871 3.580645 3.548387 3.935484 11.774194 26.064516 26.419355 21.419355 ]
5, 9, 10, 24, 41, 46, 62, 97, 99, 16, 22, 25, 30, 54, 59, 72, 78, 12, 21, 28, 33, 73, 76, 82, 91, 3, 44, 53, 69, 79, 84}

CLUSTER-4 {
[ 55.285714 28.285714 29.142857 23.142857 10.714286 2.714286 2.000000 10.857143 13.428571 43.571429 90.571429 55.000000 14.000000 2.428571 1.571429 5.857143 6.428571 30.714286 107.285714 60.142857 17.428571 2.428571 1.285714 2.285714 14.000000 34.428571 24.714286 12.142857 15.000000 8.571429 9.857143 4.285714 74.857143 11.571429 9.142857 9.428571 5.142857 17.857143 41.857143 83.142857 75.428571 44.285714 58.428571 21.714286 5.714286 4.857143 19.142857 72.714286 10.571429 24.000000 57.142857 53.428571 62.285714 51.571429 24.000000 10.142857 9.428571 26.285714 20.000000 20.428571 60.428571 46.000000 25.857143 3.714286 70.142857 14.142857 9.285714 0.285714 1.285714 8.857143 18.142857 49.285714 101.000000 18.714286 5.000000 2.000000 10.142857 35.857143 71.285714 98.000000 10.714286 1.571429 0.571429 7.857143 60.857143 110.857143 78.857143 21.428571 47.142857 25.714286 3.000000 2.142857 33.142857 63.571429 40.428571 13.571429 30.000000 10.000000 5.714286 0.714286 1.285714 4.285714 10.142857 20.000000 57.428571 14.857143 4.571429 4.857143 34.428571 36.142857 29.857143 34.428571 16.428571 1.857143 2.142857 17.857143 51.857143 50.428571 23.571429 9.285714 40.714286 7.857143 0.571429 6.000000 10.571429 11.142857 3.142857 6.000000 ]
26, 35, 51, 32, 31, 49, 70}

CLUSTER-5 {
[ 39.263158 14.210526 5.105263 8.526316 12.315789 8.368421 8.526316 14.578947 69.631579 40.052632 37.210526 33.947368 12.526316 4.105263 3.736842 14.578947 19.526316 16.842105 34.263158 54.894737 26.526316 9.315789 5.105263 11.315789 20.578947 11.421053 11.315789 20.631579 15.578947 12.210526 11.684211 19.368421 81.052632 23.736842 8.105263 7.473684 8.631579 8.052632 7.157895 27.473684 111.631579 55.315789 26.157895 29.684211 10.473684 3.315789 4.473684 28.736842 16.789474 14.473684 50.736842 75.894737 52.894737 37.105263 9.842105 4.421053 22.736842 7.842105 23.157895 39.421053 51.157895 42.052632 20.473684 13.842105 80.263158 13.210526 7.210526 8.315789 9.157895 17.947368 27.473684 48.631579 96.052632 20.842105 3.473684 2.368421 7.684211 34.736842 95.842105 100.684211 11.000000 3.368421 8.000000 15.263158 51.789474 117.210526 104.368421 27.947368 19.473684 6.789474 9.368421 13.315789 39.947368 83.578947 45.315789 18.789474 14.000000 4.000000 6.052632 6.368421 5.842105 15.421053 24.368421 25.210526 14.368421 7.368421 6.736842 5.578947 6.736842 31.263158 95.631579 59.684211 11.947368 12.263158 15.684211 3.157895 5.105263 58.473684 93.105263 29.263158 28.105263 16.263158 12.578947 3.052632 10.210526 19.210526 20.578947 17.789474 ]
23, 57, 85, 100, 19, 64, 94, 15, 39, 43, 50, 61, 63, 75, 27, 29, 40, 83, 92}

CLUSTER-6 {
[ 13.909091 12.590909 10.909091 16.818182 22.363636 17.772727 14.636364 15.636364 22.954545 20.000000 10.136364 10.000000 18.409091 42.909091 55.045455 36.954545 66.363636 16.818182 8.363636 9.318182 13.909091 27.454545 50.636364 52.090909 38.590909 10.909091 8.272727 14.136364 9.181818 11.909091 21.045455 25.454545 16.227273 7.227273 16.863636 27.045455 48.136364 44.590909 32.000000 24.136364 19.272727 7.227273 14.954545 24.772727 45.681818 69.681818 59.454545 30.318182 109.181818 19.363636 5.500000 6.454545 9.727273 23.863636 50.954545 91.545455 88.363636 17.454545 6.772727 19.227273 17.727273 17.045455 20.045455 42.636364 19.227273 17.318182 47.909091 50.318182 42.500000 21.363636 13.909091 20.090909 13.090909 29.590909 90.363636 77.500000 37.045455 15.772727 5.590909 5.363636 102.318182 84.681818 84.136364 31.227273 7.181818 3.227273 5.000000 24.727273 84.954545 42.409091 16.954545 19.454545 15.545455 9.500000 7.454545 27.000000 24.727273 23.363636 34.000000 24.318182 15.500000 4.318182 7.863636 13.954545 27.363636 33.590909 78.000000 54.181818 14.409091 6.272727 8.545455 15.272727 28.363636 55.136364 78.363636 37.227273 6.909091 5.636364 6.863636 9.000000 17.818182 23.181818 21.545455 11.545455 11.636364 10.181818 9.000000 7.409091 ]
4, 11, 14, 47, 48, 90, 96, 7, 8, 18, 20, 36, 6, 37, 45, 80, 1, 2, 13, 17, 58, 60}

