Algorithm: Range Search Hypercube
CLUSTER-1 {size: 1954
[ 9.912177 6.946125 5.185978 9.692989 15.543911 14.134317 11.895941 11.926199 23.904797 7.807380 5.250923 9.352768 22.473063 26.126937 24.495941 28.125461 88.964576 18.232472 7.638376 9.295941 9.111439 9.685609 17.011808 61.080443 50.549077 17.020664 12.553506 17.030258 12.371956 4.815498 4.109963 22.528413 12.724723 10.327675 19.692251 30.972694 28.017712 22.459041 15.272325 11.669373 18.304059 7.891513 16.068635 25.711439 30.587454 32.138745 24.625830 20.958672 119.428044 27.482657 8.768266 6.998524 5.603690 7.050185 13.326937 77.001476 96.974908 27.095941 16.014760 23.374908 16.154982 7.800738 7.560886 39.045756 20.211070 27.683395 72.047970 60.128413 21.748339 8.115129 6.395572 11.250185 12.699631 35.818450 114.159410 84.313653 19.134317 6.211808 3.574170 5.723985 102.637638 94.262731 99.836900 31.634686 3.151292 1.714391 2.320295 23.864945 92.930627 49.416974 23.088561 19.240590 13.141697 8.600000 9.803690 28.148339 26.041328 26.340959 43.013284 22.855351 6.125461 3.760886 7.315129 16.127675 26.078967 37.731365 95.256827 47.090775 7.463469 5.672325 9.834686 19.290775 23.058303 54.349815 96.625830 40.408118 11.033948 8.427306 7.865683 10.369742 23.621402 25.394834 22.263469 16.095941 11.611070 8.512177 7.583764 10.561624 ]
}
CLUSTER-2 {size: 1955
[ 29.217895 16.882632 8.560000 5.338947 7.090526 18.908947 29.003158 21.893158 25.797368 21.180526 18.603158 10.411053 12.173684 51.913684 69.757368 27.101579 31.233158 13.564211 17.268421 15.310526 15.448947 38.965263 69.809474 47.788421 27.464211 11.611579 10.645789 12.470526 14.338947 13.929474 14.628421 22.910526 35.394211 15.913684 8.001053 9.779474 20.224737 56.828421 58.850000 27.837895 29.975789 17.937895 15.209474 11.367895 22.181053 80.401579 85.623684 29.341579 88.851579 17.696316 16.269474 15.934211 11.958421 31.639474 67.430000 80.394211 76.647895 17.862632 13.973684 18.289474 22.010000 20.882632 17.241579 44.908421 28.249474 12.880000 16.397368 19.876842 26.143684 32.836842 23.349474 18.886316 33.051053 18.081053 24.376316 28.038421 28.440526 29.771053 23.132105 23.894211 95.206316 40.084737 18.314737 12.326842 13.733158 19.583158 18.905263 39.242632 81.843684 23.390000 9.198947 12.330000 21.962105 25.212632 18.772105 35.563684 16.012632 11.155789 13.689474 13.935263 14.226842 9.960526 7.262632 10.601053 25.184737 20.807895 26.197368 24.597368 19.106842 12.936316 15.405789 18.071579 64.795263 36.861053 21.841053 13.974211 11.853158 15.496316 16.423158 22.000000 50.196316 17.596842 6.024211 6.765789 12.077895 13.646842 13.707895 21.440000 ]
}
CLUSTER-3 {size: 2308
[ 23.851147 22.513151 20.598769 15.652490 10.366536 6.369334 5.908226 10.271405 23.724119 50.626189 85.662563 40.541130 10.914382 6.269726 6.511472 9.087297 22.910464 36.956911 83.221041 46.866256 10.528819 5.364298 6.770565 12.477336 22.582541 23.482373 32.727476 20.473979 8.321768 4.786234 5.576945 12.701735 89.239508 45.636262 20.946279 14.766088 10.452714 7.064354 8.202015 30.146614 97.834919 91.178511 96.416340 35.270285 4.887521 2.403470 3.412983 27.437605 12.428092 36.227756 107.098489 91.385003 36.681030 11.675993 4.443760 4.975378 19.013430 24.888640 54.750420 58.364298 35.270845 13.356463 7.026861 9.695579 94.050923 25.125350 13.272524 14.780078 11.074986 7.633464 9.185227 41.794068 113.587017 27.571349 8.622272 5.434807 6.996083 15.739228 28.286514 83.204813 18.227196 6.803581 13.819250 28.620593 48.740347 55.762171 40.959149 25.269166 14.847790 9.778959 15.801903 31.377728 43.838276 36.515389 20.246782 13.902630 46.034695 15.467823 9.992166 10.710688 9.120313 5.552322 7.190823 23.476217 72.568551 15.785674 6.233352 7.290431 10.918299 20.480694 34.861780 60.595971 20.148853 5.975378 4.991046 9.678791 26.697818 44.866816 41.503637 29.733632 12.711807 6.092334 5.320649 10.196419 18.203134 19.835478 16.745943 14.462787 ]
}
CLUSTER-4 {size: 1549
[ 45.983091 20.606388 8.646313 7.340535 8.645373 8.284171 8.592767 19.569281 57.685298 49.777360 43.694223 26.767496 11.384688 5.773603 5.643964 17.780648 18.853922 28.308126 48.908877 47.961015 24.193988 8.728041 5.581024 8.867074 13.869422 13.747769 18.427431 21.724284 17.534993 9.562236 6.243776 8.868953 91.838891 29.664162 9.904650 9.680132 12.581024 12.903711 13.291217 35.612964 110.917802 63.942696 36.079850 19.151714 7.506811 5.653358 7.896195 38.808361 17.089713 22.988727 47.164866 60.379991 49.872710 29.891968 13.829028 8.451386 16.165336 13.007985 20.938469 37.932363 46.580554 32.890089 18.174260 12.514326 84.964302 19.714420 9.419446 9.663222 14.062471 15.251761 16.557539 46.552372 104.153124 19.026773 5.006106 3.542508 6.342414 35.561296 80.202442 95.836543 12.760921 5.006576 5.466416 13.348990 40.923908 102.422264 100.651480 29.527947 20.595115 9.063880 7.139972 14.331611 37.118365 64.192579 54.904180 25.302020 24.069516 9.391264 7.448567 8.132926 12.699859 13.372475 14.714890 22.189291 27.204321 8.124002 6.379991 7.293565 13.130108 42.858619 79.579615 54.701738 17.848286 9.689995 7.409112 5.893377 12.725693 61.387976 80.306717 29.905120 23.198685 10.997651 6.086895 4.992485 8.759042 22.023955 28.214655 20.907938 ]
}
CLUSTER-5 {size: 496
[ 27.528846 16.823077 13.473077 13.498077 14.384615 12.225000 12.436538 15.788462 33.865385 33.819231 41.042308 28.286538 18.573077 22.411538 24.615385 21.336538 37.755769 26.534615 39.423077 36.432692 20.469231 16.011538 24.325000 29.921154 31.161538 16.403846 16.682692 18.640385 15.325000 9.690385 9.628846 16.561538 53.553846 25.761538 17.319231 19.546154 24.515385 25.432692 21.736538 26.825000 64.425000 44.240385 38.421154 26.909615 23.198077 30.963462 28.180769 32.301923 53.605769 26.023077 41.636538 46.803846 36.463462 26.834615 23.705769 36.994231 52.494231 22.696154 23.661538 30.655769 32.151923 20.765385 13.071154 26.663462 54.326923 21.161538 21.792308 24.328846 22.488462 22.528846 19.969231 31.032692 68.234615 26.084615 31.094231 30.628846 22.344231 26.746154 35.790385 53.050000 51.032692 28.963462 28.459615 25.494231 37.473077 48.769231 39.867308 32.755769 54.317308 22.334615 14.298077 20.584615 29.884615 29.559615 24.757692 31.432692 29.251923 15.451923 14.007692 12.275000 11.613462 12.430769 13.013462 19.405769 40.755769 19.823077 28.488462 22.838462 17.032692 25.442308 34.646154 40.223077 29.769231 23.586538 27.971154 20.573077 23.667308 36.778846 38.530769 27.657692 30.092308 14.313462 10.226923 10.419231 14.630769 15.557692 19.455769 21.653846 ]
}
CLUSTER-6 {size: 1738
[ 28.916414 14.515375 9.340840 10.285405 14.786055 18.425725 20.068861 21.744045 27.796016 19.593764 21.305760 16.670853 22.984842 48.398008 51.567778 32.242529 35.459939 15.053270 20.659160 19.651364 18.174101 32.631442 48.934171 48.588133 27.448246 13.331312 11.787787 14.148982 16.665223 13.934171 14.072759 21.781291 43.929840 18.928540 12.039844 20.916847 37.255955 37.137722 26.211780 26.916847 37.373755 21.707233 19.825032 24.954959 47.805544 62.661325 50.981810 29.967085 74.643136 22.638372 22.148116 22.495453 19.056735 26.887830 42.799913 65.631442 62.737549 22.518406 17.604158 22.438718 25.142919 19.842356 18.288437 37.061932 45.054136 20.031182 23.854049 36.643136 37.014292 21.161975 13.371589 24.841490 38.734517 26.027718 48.910351 62.307492 47.768731 23.785621 18.718060 26.259420 74.354699 58.261152 44.559117 27.341273 19.488090 22.949329 21.444781 28.652230 64.003465 32.488090 18.636206 19.480294 24.063664 22.896492 18.760935 28.050671 31.091815 18.201386 18.389779 18.191858 14.327414 9.335210 8.821568 17.419662 32.594197 30.154179 49.042443 46.819835 22.413166 14.739281 19.586834 24.163274 34.131659 44.979645 50.898657 35.250758 18.044175 19.130359 19.562148 15.986141 28.536596 20.737549 15.317020 15.396275 15.796016 12.901689 11.355565 14.439584 ]
}
clustering_time: 2.031043 seconds
Silhouette: [ s1 = -0.033439 ,s2 = -0.043962 ,s3 = 0.002816 ,s4 = 0.207871 ,s5 = -0.031303 ,s6 = -0.071956 ,stotal = 0.003662 ]

